Imię i nazwisko;E-mail;Rok;Płeć;Kategoria;Punkty;Grupa;Klub/Sponsor;Miasto;Zoony;Zoony 2;Zrobione drogi;Flashe;Ulubiona droga
;;2007;M;PRO;786.5;I;;;47;;31, 32, 33, 34, 35, 36, 39, 38, 37, 40, 41, 42, 43, 44, 45, 46, 48, 49, 50;;50
;;2002;M;PRO;786;I;;;48;;31, 32, 33, 34, 35, 36, 37, 38, 39, 40, 41, 42, 43, 44, 45, 46, 47, 49, 50;;49
;;2004;M;PRO;760.5;VIII;;;50, 49;;31, 32, 33, 34, 35, 36, 37, 38, 39, 40, 41, 42, 43, 44, 45, 46, 47, 48;;
;;1997;M;PRO;760;VIII;;;;;43, 39, 31, 47, 35, 37, 40, 46, 42, 41, 34, 38, 49, 45, 32, 44, 33, 36, 48;;
;;2000;M;PRO;736.5;I;;;47;;31, 32, 33, 34, 35, 36, 37, 38, 39, 40, 41, 42, 43, 44, 45, 46, 48, 49;;35
;;2007;M;PRO;712.5;I;;;48, 47;;37, 31, 35, 39, 32, 45, 33, 43, 38, 41, 34, 40, 42, 36, 44, 49, 46;;49
;;2006;M;PRO;711.5;II;;;48, 49;;36, 33, 44, 32, 45, 43, 46, 41, 42, 40, 35, 37, 47, 34, 38, 39, 31;;
;;2003;M;PRO;688.5;IV;;;46, 48, 49;;31, 32, 33, 34, 35, 36, 37, 38, 39, 40, 41, 42, 43, 44, 45, 47;;
;;2007;M;PRO;688;IV;;;49, 48, 47;;31, 34, 45, 44, 33, 43, 32, 46, 41, 42, 39, 35, 37, 38, 40, 36;;
;;2008;M;PRO;688;IV;;;47, 48, 49;;31, 32, 33, 34, 35, 36, 37, 38, 39, 40, 41, 42, 43, 44, 45, 46;;45
;;1998;M;PRO;688;I;;;47, 48, 49;;38, 46, 41, 42, 34, 31, 37, 35, 39, 43, 45, 44, 32, 33, 40, 36;;49
;;1996;M;PRO;687.5;II;;;47;;31, 32, 33, 34, 35, 36, 37, 38, 39, 40, 41, 42, 43, 44, 45, 46, 48;;47
;;20;M;LIGHT;672;V;;;38;;36, 42, 45, 43, 39, 40, 37, 41, 35, 34, 33, 32, 31, 30, 29, 26, 27, 25, 28, 9, 12;;43
;;2005;M;PRO;664.5;IV;;;49, 48;;38, 37, 35, 36, 34, 33, 32, 31, 40, 39, 43, 41, 46, 45, 42, 44;;49
;;2006;M;PRO;664;IV;;;48, 46;;31, 44, 45, 43, 41, 36, 38, 35, 34, 42, 32, 33, 39, 47, 40, 37;;
;;1991;M;PRO;663.5;I;;;47, 48;;31, 32, 33, 36, 35, 34, 37, 38, 39, 42, 41, 40, 43, 44, 45, 46;;
;;1998;M;PRO;643;VIII;;;48;;45, 32, 44, 34, 42, 49, 43, 33, 36, 41, 40, 38, 35, 37, 31, 39;;41
;;2005;M;PRO;641.5;VII;;;49;;31, 32, 33, 34, 35, 36, 37, 38, 39, 40, 41, 42, 43, 44, 45, 47;;41
;;1992;M;PRO;641.5;V;;;48, 46, 49;;31, 32, 33, 34, 35, 36, 37, 38, 39, 40, 41, 42, 45, 43, 44;;44
;;1999;M;PRO;641.5;I;;;46, 49, 48;;31, 32, 33, 34, 35, 36, 39, 38, 37, 40, 41, 42, 43, 44, 45;;42
;;2000;M;PRO;640.5;III;;;46, 47, 48;;31, 32, 33, 34, 35, 36, 37, 38, 39, 40, 41, 42, 43, 44, 45;;44
;;2008;M;PRO;640.5;VI;;;47, 48, 46;;40, 35, 38, 41, 44, 45, 43, 36, 42, 39, 31, 32, 33, 34, 37;;49
;;2001;M;PRO;640.5;VI;;;48, 47, 46;;36, 45, 34, 41, 42, 43, 44, 33, 38, 31, 35, 37, 40, 39, 32;;
;;1992;M;PRO;639.5;IV;;;47;;31, 46, 45, 44, 43, 40, 41, 42, 39, 38, 37, 34, 35, 36, 33, 32;;44
;;2000;M;LIGHT;634.5;X;;;38, 45, 43;;26, 42, 40, 34, 28, 33, 32, 36, 25, 37, 39, 31, 30, 29, 35, 27, 41, 24, 23, 22;;41
;;1987;M;LIGHT;634;IX;;;38;;20, 21, 22, 23, 24, 25, 26, 27, 28, 29, 30, 31, 32, 33, 34, 35, 36, 37, 39, 40, 41, 42;;41
;;2010;M;PRO;622;III;;;48, 46;;45, 31, 32, 33, 34, 35, 36, 37, 38, 39, 42, 40, 41, 43, 49;;
;;2010;M;PRO;620;VI;;;48, 44, 49, 47;;31, 35, 37, 38, 40, 33, 36, 39, 45, 42, 41, 34, 43, 32;;41
;;1995;M;PRO;618.5;IV;;;49, 48;;31, 32, 36, 34, 45, 43, 44, 33, 39, 37, 35, 38, 40, 42, 41;;43
;;2001;M;PRO;618.5;II;;;44, 46, 47, 48;;31, 32, 33, 34, 35, 36, 37, 38, 39, 40, 41, 42, 43, 45;;47
;;1998;M;PRO;618.5;VI;;;49, 48;;36, 45, 41, 35, 31, 42, 40, 38, 34, 32, 33, 39, 37, 44, 43;;
;;2005;M;PRO;618.5;VIII;;;47, 44, 48, 46;;38, 37, 40, 35, 39, 31, 43, 33, 45, 32, 34, 42, 41, 36;;37
;;1991;M;PRO;618;IV;;;46, 44;;31, 32, 33, 34, 35, 36, 37, 38, 39, 40, 41, 42, 47, 43, 45;;47
;;1989;M;LIGHT;618;VII;;;40, 38;;27, 45, 33, 32, 28, 34, 29, 36, 37, 25, 39, 35, 31, 41, 26, 24, 23, 22, 21, 30;;41
;;2005;M;PRO;618;II;;;49, 47;;31, 32, 33, 34, 35, 36, 37, 38, 39, 40, 41, 42, 43, 44, 45;;
;;2007;M;PRO;617;II;;;46, 48;;31, 32, 33, 34, 35, 36, 37, 38, 39, 40, 41, 42, 43, 44, 45;;
;;2008;M;PRO;617;III;;;46, 48;;31, 32, 33, 34, 35, 36, 37, 38, 39, 40, 41, 42, 43, 44, 45;;45
;;1996;M;LIGHT;616;IX;;;40, 37;;19, 26, 38, 41, 42, 21, 34, 14, 18, 28, 36, 29, 24, 32, 33, 27, 23, 39, 22, 31, 30, 20, 25, 35;;37
;;1993;M;LIGHT;614.5;X;;;38, 43;;42, 37, 28, 15, 18, 34, 10, 14, 21, 32, 7, 24, 33, 13, 30, 39, 22, 31, 35, 25, 17, 9, 26, 36, 29, 40, 27, 23;;36
;;1992;M;LIGHT;613.5;VI;;;42, 43;;41, 40, 39, 37, 36, 35, 31, 34, 32, 30, 33, 29, 28, 25, 26, 27, 24, 23, 22, 21, 20, 19, 16, 17, 18, 15;;
;;1996;M;LIGHT;613;I;;;38, 42;;26, 41, 40, 34, 36, 29, 28, 32, 24, 33, 23, 39, 31, 35, 25, 37, 30, 21, 20, 22, 27;;41
;;2010;M;LIGHT;613;IV;;;38;;20, 21, 22, 23, 24, 25, 26, 27, 28, 29, 30, 31, 32, 33, 34, 35, 36, 37, 39, 40, 41;;
;;1982;M;LIGHT;613;IV;;;;;19, 20, 21, 22, 23, 24, 25, 26, 27, 28, 29, 30, 31, 32, 33, 34, 35, 41, 40, 37, 39, 36, 13;;
;;2000;M;PRO;609;IX;;;48;;36, 34, 42, 32, 45, 44, 33, 43, 39, 35, 40, 37, 38, 46, 41;;41
;;2001;M;PRO;598.5;IV;;;49;;31, 41, 38, 40, 35, 39, 48, 43, 32, 45, 34, 42, 33, 36, 37;;48
;;2003;K;PRO;595;II;;;48, 44, 46;;36, 34, 41, 45, 43, 32, 33, 39, 31, 35, 37, 40, 42, 38;;45
;;2000;M;LIGHT;594.5;III;;;43;;39, 33, 35, 31, 37, 34, 36, 32, 30, 29, 28, 27, 41, 26, 25, 21, 22, 24, 23, 18, 20;;41
;;2001;M;PRO;594.5;II;;;49;;31, 32, 33, 34, 35, 36, 37, 38, 39, 40, 41, 42, 43, 44, 45;;
;;2009;M;PRO;594;III;;;48;;31, 32, 33, 34, 35, 36, 37, 38, 39, 40, 41, 42, 43, 44, 45;;45
;;1991;M;LIGHT;594;I;;;38, 40, 42;;10, 13, 18, 19, 20, 21, 22, 23, 24, 25, 26, 27, 28, 29, 30, 31, 32, 33, 34, 35, 36, 37, 39, 41;;41
;;2009;M;LIGHT;594;X;;;38, 40, 42;;10, 14, 15, 13, 27, 33, 21, 32, 35, 31, 22, 17, 25, 37, 26, 41, 36, 34, 28, 23, 24, 39, 30, 29, 20;;41
;;1991;M;LIGHT;593.5;IX;;;38, 43;;21, 22, 23, 24, 25, 26, 27, 28, 29, 30, 31, 32, 33, 34, 35, 36, 37, 39, 40;;40
;;1991;M;LIGHT;593.5;IX;;;43, 41;;22, 21, 20, 35, 37, 25, 40, 39, 31, 26, 34, 24, 32, 33, 23, 27, 28, 29, 36, 30;;
;;1992;M;LIGHT;592.5;V;;;43, 38;;40, 35, 37, 25, 39, 31, 41, 26, 45, 32, 33, 27, 36, 34, 42, 29;;40
;;1989;M;LIGHT;592;IV;;;;;29, 36, 18, 28, 27, 23, 33, 24, 32, 34, 21, 19, 26, 20, 40, 35, 31, 22, 17, 39, 25, 37, 30;;40
;;1993;M;LIGHT;592;IV;;;;;40, 39, 37, 36, 35, 34, 33, 32, 31, 30, 29, 28, 27, 26, 25, 24, 23, 22, 21, 20, 19, 18, 17, 16, 10, 12;;40
;;1990;M;LIGHT;591;VIII;;;;;40, 38, 37, 36, 35, 34, 33, 32, 31, 30, 29, 28, 27, 26, 25, 24, 23, 22, 21, 20;;40
;;1995;M;LIGHT;590;I;;;40;;11, 12, 19, 20, 18, 21, 22, 23, 24, 25, 26, 27, 28, 29, 30, 31, 32, 33, 34, 35, 36, 37, 38, 39;;38
;;2002;M;LIGHT;582;IV;;;45, 43, 40, 42, 38;;37, 39, 35, 31, 22, 14, 18, 21, 41, 28, 29, 36, 13, 27, 33, 30, 20, 11, 16, 2, 34, 25, 26, 23, 1, 3, 4, 5, 6;;45
;;1990;M;LIGHT;581.5;IV;;;43;;13, 14, 15, 18, 26, 25, 34, 31, 36, 29, 33, 32, 38, 37, 35, 39, 28, 22, 23, 21, 27, 20, 24;;
;;2007;M;LIGHT;577.5;X;;;38, 43, 42, 37, 40;;30, 20, 13, 17, 31, 35, 34, 33, 39, 28, 27, 41, 25, 22, 36, 29, 23, 26, 32, 24;;41
;;1999;M;LIGHT;576;VIII;;;40, 37;;41, 28, 34, 27, 33, 32, 24, 23, 39, 22, 31, 30, 35, 25, 26, 36, 29, 21, 20, 19;;41
;;2007;K;PRO;575.5;I;;;42, 43, 44, 48;;31, 32, 33, 34, 35, 36, 37, 38, 39, 40, 41, 45, 46;;
;;1988;M;LIGHT;574.5;VI;;;40, 42, 43, 41;;39, 36, 35, 34, 33, 32, 31, 30, 29, 28, 27, 26, 25, 24, 23, 22, 21, 20, 19, 18, 17, 16, 15, 14, 13, 12, 11, 10, 9, 8, 7, 6, 5, 4, 3, 2, 1, 37;;
;;1999;M;LIGHT;573.5;VI;;;42, 41, 40, 38;;39, 37, 36, 35, 34, 33, 32, 31, 30, 29, 26, 25, 24, 22, 28, 23, 27, 20, 21;;
;;1989;M;LIGHT;573.5;V;;;43, 38, 40;;18, 27, 33, 23, 24, 39, 35, 22, 31, 36, 29, 37, 21, 25, 34, 26, 28, 30, 32;;37
;;2000;M;LIGHT;573.5;VI;;;42, 38, 43;;40, 37, 34, 35, 32, 27, 25, 33, 28, 29, 36, 24, 39, 22, 15, 13, 18, 26, 21, 20, 23, 1, 2, 3, 14, 10, 11, 12, 9, 8, 7, 5, 6, 4, 17, 16, 19;;
;;1995;M;LIGHT;573;I;;;38, 40, 42;;4, 13, 25, 28, 27, 33, 34, 35, 36, 37, 39, 29, 31, 30, 21, 26, 22, 23, 32, 24, 20;;35
;;2007;M;LIGHT;572;VIII;;;40, 38;;33, 30, 26, 28, 32, 29, 36, 34, 27, 23, 24, 35, 25, 37, 39, 31, 22, 21, 20;;31
;;2006;M;PRO;572;VI;;;44, 48;;31, 32, 33, 34, 35, 36, 37, 38, 39, 40, 41, 42, 43, 45;;45
;;1984;M;LIGHT;572;V;;;40;;20, 30, 25, 34, 28, 39, 23, 32, 22, 36, 29, 37, 26, 35, 33, 31, 21, 27, 24, 17, 18, 19;;32
;;1994;M;PRO;570.5;III;;;45, 46;;36, 43, 33, 44, 32, 34, 41, 40, 42, 35, 31, 39, 37, 38;;34
;;2007;M;PRO;570;III;;;;;31, 32, 33, 34, 35, 36, 37, 38, 39, 40, 41, 42, 43, 44, 45;;45
;;2004;M;PRO;570;II;;;;;31, 32, 33, 34, 35, 36, 37, 38, 39, 40, 41, 42, 43, 44, 45;;44
;;2006;M;PRO;570;III;;;;;45, 44, 43, 42, 41, 40, 39, 38, 37, 36, 35, 34, 33, 32, 31;;
;;2002;M;PRO;570;IV;;;;;45, 44, 43, 42, 41, 40, 37, 39, 31, 35, 36, 32, 33, 38, 34;;
;;1900;M;LIGHT;568.5;X;;;42, 43, 40;;34, 33, 32, 39, 35, 37, 36, 31, 30, 29, 28, 25, 24, 10, 13, 26, 17, 18, 27, 22;;
;;2002;M;LIGHT;567.5;VIII;;;37, 39, 42, 43, 40, 30;;29, 36, 4, 38, 26, 35, 25, 22, 31, 33, 24, 32, 34, 27, 28, 17, 21, 41, 19, 23, 20, 12, 13, 10, 14, 15;;
;;1986;M;LIGHT;565.5;IX;;;39, 40, 38;;1, 30, 27, 33, 32, 21, 41, 34, 28, 14, 36, 29, 25, 26, 37, 31, 35, 22, 20;;41
;;1996;M;LIGHT;562;V;;;36, 35, 42;;7, 27, 17, 26, 31, 29, 34, 28, 39, 37, 20, 30, 32, 41, 33, 21, 22, 19, 16, 18, 14, 15, 25, 23, 24;;
;;2004;M;LIGHT;561.5;X;;;32, 37, 38, 42, 40;;31, 34, 35, 33, 39, 36, 30, 41, 25, 22, 28, 29, 27, 26, 24, 23;;
;;1998;M;LIGHT;561;X;;;42, 40, 38, 32;;39, 37, 36, 35, 34, 33, 31, 30, 29, 28, 27, 26, 25, 24, 23, 22, 21, 20, 19, 18, 17, 16;;
;;1995;M;LIGHT;560;VI;;;31, 40;;3, 5, 10, 1, 14, 18, 28, 15, 8, 27, 13, 21, 24, 32, 33, 23, 22, 35, 37, 30, 2, 16, 20, 11, 25, 39, 17, 34, 9, 36, 4, 29, 26, 19, 12, 6;;
;;2003;M;LIGHT;558;III;;;37, 38, 40, 41, 42, 43;;18, 14, 8, 13, 12, 21, 16, 25, 39, 34, 30, 27, 35, 29, 28, 36, 31, 22, 32, 26, 24, 23, 33;;27
;;1994;M;LIGHT;557;X;;;32;;19, 18, 20, 21, 22, 23, 24, 25, 26, 27, 28, 29, 30, 31, 33, 34, 35, 36, 37, 39, 17, 16;;37
;;2001;M;LIGHT;557;IV;;;41, 37, 43;;14, 18, 21, 22, 23, 35, 31, 27, 29, 36, 28, 30, 20, 39, 33, 34, 26, 19, 32, 25, 24, 17;;39
;;1988;M;LIGHT;555.5;IX;;;42, 40, 38, 39, 43;;33, 27, 18, 34, 21, 32, 26, 35, 37, 31, 22, 30, 36, 28, 20, 29, 24, 25, 19, 23;;
;;1999;M;LIGHT;555.5;VI;;;36, 39;;1, 34, 32, 30, 31, 33, 40, 35, 37, 2, 3, 4, 5, 6, 7, 8, 23, 24, 13, 14, 17, 25, 22, 12, 9, 10, 11, 15, 16, 18, 21, 19, 20, 27, 26, 29, 28;;37
;;1999;M;LIGHT;555;IV;;;32;;21, 34, 28, 18, 15, 27, 13, 33, 23, 17, 39, 22, 35, 25, 37, 11, 30, 20, 2, 36, 29, 24, 12, 31, 26, 10, 1, 14, 8;;21
;;1994;M;LIGHT;555;III;;;42, 38, 37;;21, 22, 23, 19, 27, 26, 18, 11, 15, 31, 39, 36, 35, 34, 33, 32, 30, 29, 28, 12, 13, 14, 16, 17, 20, 24, 25;;36
;;1996;K;LIGHT;555;X;;;37, 38, 42;;20, 21, 22, 23, 24, 25, 26, 27, 28, 29, 30, 31, 32, 33, 34, 35, 36, 39, 18, 19;;
;;1997;M;LIGHT;555;VI;;;36, 38, 40;;30, 29, 28, 27, 26, 25, 24, 23, 22, 21, 20, 19, 18, 17, 16, 15, 14, 13, 12, 11, 10, 9, 8, 7, 6, 5, 4, 3, 2, 1, 31, 32, 39, 37, 34, 35, 33;;
;;1992;M;LIGHT;554;VII;;;40, 37;;15, 27, 28, 33, 25, 16, 30, 31, 22, 36, 34, 35, 19, 26, 24, 20, 39, 23, 21, 29, 32;;35
;;1998;M;LIGHT;554;VIII;;;38, 37;;40, 36, 35, 34, 33, 32, 31, 30, 29, 28, 27, 26, 25, 24, 23, 22, 21, 20, 19, 17, 16, 14, 13, 9, 5, 12, 11;;37
;;1987;M;LIGHT;553;I;;;37, 38;;26, 36, 30, 20, 16, 2, 17, 39, 22, 31, 25, 35, 34, 32, 21, 28, 29, 27, 24, 33, 7, 8, 15, 23, 19, 18, 14, 13;;36
;;1990;M;LIGHT;553;VI;;;38, 37;;1, 14, 28, 33, 27, 18, 20, 11, 16, 15, 34, 22, 26, 25, 35, 21, 30, 29, 36, 32, 31, 23, 24, 19, 17, 39, 13, 12, 10;;
;;1900;M;LIGHT;552.5;VII;;;38, 40, 39;;36, 29, 28, 8, 27, 23, 33, 24, 32, 26, 35, 37, 25, 31, 22, 30, 20, 34, 21, 19;;
;;1996;M;LIGHT;552.5;IV;;;40, 39;;36, 4, 29, 1, 14, 18, 28, 8, 15, 13, 17, 25, 37, 12, 9, 11, 30, 20, 2, 16, 5, 19, 26, 3, 21, 10, 7, 24, 32, 33, 23, 22, 31, 6, 35, 27, 34;;
;;1998;M;LIGHT;552.5;X;;;43;;23, 24, 29, 33, 37, 36, 34, 27, 26, 32, 30, 28, 22, 39, 31, 35, 25, 20;;
;;2000;M;LIGHT;551.5;III;;;39, 38;;29, 36, 18, 28, 34, 32, 24, 27, 33, 31, 22, 35, 37, 25, 26, 19, 30, 16, 20, 23, 21;;35
;;1990;M;LIGHT;551.5;IV;;;39, 38;;37, 36, 35, 11, 17, 25, 23, 13, 22, 30, 2, 20, 16, 29, 4, 14, 10, 8, 21, 33, 27, 7, 5, 1, 26, 34, 19, 18, 9, 12, 3, 6, 15, 28, 31, 24, 32;;37
;;1981;M;LIGHT;551.5;VIII;;;39;;12, 21, 33, 24, 27, 28, 25, 22, 37, 32, 35, 31, 26, 19, 29, 36, 20, 23, 30, 34, 18, 17;;37
;;1995;M;LIGHT;550;IV;;;43, 39;;5, 26, 9, 12, 37, 35, 29, 36, 4, 1, 14, 28, 18, 8, 15, 34, 21, 27, 17, 13, 33, 22, 25, 6, 3, 19, 10, 2, 16, 20, 11, 30, 24, 23, 7, 40;;35
;;1990;M;LIGHT;550;V;;;;;10, 18, 25, 26, 28, 33, 34, 35, 37, 32, 36, 31, 29, 27, 22, 19, 24, 21, 23, 20, 30;;36
;;2004;K;PRO;550;VIII;;;48;;31, 32, 42, 37, 35, 33, 36, 34, 41, 40, 39, 38, 43, 45;;
;;1988;M;PRO;550;VIII;;;48;;38, 36, 34, 45, 32, 31, 33, 43, 35, 37, 40, 41, 39, 42;;48
;;1970;M;LIGHT;549;VI;;;42, 36;;2, 11, 14, 16, 22, 20, 30, 33, 34, 35, 31, 37, 32, 39, 28, 21, 25, 26, 29, 17, 27, 24;;39
;;2005;M;PRO;548;I;;;44;;31, 32, 33, 34, 35, 36, 37, 38, 39, 40, 41, 42, 43, 45;;
;;1997;M;PRO;548;II;;;44;;31, 32, 33, 34, 35, 36, 37, 38, 39, 42, 41, 43, 45, 40;;
;;1995;K;LIGHT;547.5;IX;;;38, 43;;23, 17, 25, 31, 37, 40, 9, 12, 19, 21, 34, 7, 32, 15, 28, 18, 33, 27, 13, 36, 16, 20, 30, 29, 24, 14, 10, 1, 3, 4;;31
;;1999;M;LIGHT;547.5;III;;;32, 39;;36, 29, 4, 1, 2, 3, 14, 18, 28, 34, 10, 15, 8, 27, 7, 33, 13, 23, 24, 21, 40, 35, 31, 22, 6, 37, 12, 9, 5, 11, 17, 25, 20, 16, 19, 26;;29
;;2006;M;LIGHT;546;X;;;40, 43, 37, 39, 32, 38;;18, 20, 30, 31, 34, 33, 26, 41, 22, 27, 35, 24, 28, 23, 25, 19, 21, 29, 17, 16, 15, 36;;
;;2007;M;LIGHT;544.5;III;;;39, 32, 42, 37;;41, 36, 35, 34, 33, 31, 30, 29, 28, 27, 26, 25, 24, 23, 22, 21, 20, 19, 18, 17, 15, 16, 14;;41
;;2007;M;PRO;542.5;IV;;;43, 48;;31, 33, 34, 35, 36, 37, 38, 39, 40, 41, 46, 45, 42;;
;;1975;M;LIGHT;542;V;;;37, 38, 43, 41;;18, 27, 23, 33, 24, 32, 22, 31, 35, 39, 25, 29, 36, 21, 28, 30, 26, 20;;
;;1985;M;LIGHT;541.5;IX;;;41;;9, 12, 6, 3, 5, 25, 22, 23, 33, 13, 27, 8, 15, 26, 17, 21, 7, 10, 1, 14, 4, 29, 18, 28, 34, 24, 37, 19, 16, 2, 11, 30, 20, 31, 39, 35;;35
;;1999;M;LIGHT;541.5;VII;;;40, 43;;35, 18, 28, 36, 33, 25, 41, 42, 34, 31, 26, 23, 20, 17, 22, 29, 21, 10, 19;;42
;;86;M;LIGHT;541.5;IV;;;42, 36, 43, 37, 38, 40;;18, 8, 22, 29, 14, 21, 27, 33, 34, 28, 25, 35, 32, 39, 31, 24, 26, 30, 23, 20, 19, 12, 9, 5, 3, 10, 15, 1, 13, 7, 6, 17, 11, 16, 2, 4;;31
;;1987;M;LIGHT;540.5;VII;;;37, 34, 40, 41, 38;;17, 18, 19, 20, 30, 31, 23, 33, 28, 25, 36, 26, 22, 39, 32, 27, 35, 24, 16, 21, 15, 14, 12, 13, 11, 10, 29;;31
;;1992;M;LIGHT;540;V;;;40;;4, 36, 29, 14, 18, 28, 8, 15, 27, 13, 33, 24, 7, 21, 10, 34, 35, 31, 22, 23, 17, 39, 25, 37, 12, 9, 26, 6;;
;;1993;M;LIGHT;539.5;V;;;39, 40;;10, 14, 12, 15, 18, 28, 33, 37, 26, 27, 32, 34, 35, 21, 25, 22, 29, 36, 24, 23, 20, 17, 30;;
;;1985;M;LIGHT;539.5;X;;;36, 37, 40, 39;;26, 41, 28, 27, 24, 32, 33, 23, 34, 29, 21, 25, 35, 31, 30, 22, 20, 19;;41
;;1987;M;LIGHT;539.5;IX;;;32, 38, 39, 40;;19, 20, 21, 22, 23, 24, 25, 26, 27, 28, 29, 30, 31, 33, 34, 35, 36, 37, 18, 17, 16, 15, 14, 13;;40
;;1989;M;LIGHT;538;IX;;;43, 39, 37, 38, 40, 41;;18, 28, 27, 32, 24, 33, 23, 22, 31, 35, 17, 25, 19, 26, 34, 36, 29, 30, 20, 21;;20
;;1992;M;LIGHT;537.5;X;;;41, 42;;12, 9, 25, 35, 34, 33, 39, 27, 32, 31, 30, 29, 28, 21, 26, 22, 23, 24, 18, 19;;39
;;1990;M;LIGHT;537;III;;;37, 39, 40, 43;;8, 9, 10, 14, 13, 28, 24, 27, 23, 17, 22, 25, 12, 29, 21, 18, 16, 20, 30, 31, 32, 34, 33, 26, 19, 35, 36;;27
;;1995;M;LIGHT;537;VII;;;40, 38, 37, 36;;39, 35, 34, 33, 32, 31, 30, 29, 28, 27, 26, 25, 24, 23, 22, 21, 20, 19, 18, 17, 4, 10, 15;;
;;1993;M;LIGHT;536.5;III;;;41, 36;;29, 33, 35, 39, 32, 30, 20, 25, 26, 21, 28, 18, 24, 27, 22, 31, 23, 34, 19;;41
;;1994;M;LIGHT;535.5;II;;;39, 37, 38, 42;;35, 22, 25, 23, 27, 29, 33, 21, 24, 28, 26, 34, 31, 36, 18, 15, 13, 17, 19, 16, 30, 32, 14, 10, 2, 20, 11;;36
;;1980;M;LIGHT;534.5;III;;;37, 42;;36, 29, 26, 19, 25, 30, 35, 22, 17, 16, 20, 23, 33, 27, 32, 24, 34, 28, 18, 21, 31;;34
;;1997;M;LIGHT;533;VI;;;37, 39;;1, 2, 3, 4, 5, 6, 7, 8, 9, 10, 13, 11, 14, 15, 12, 21, 18, 17, 20, 16, 19, 22, 23, 24, 25, 26, 27, 28, 29, 30, 31, 32, 33, 34, 35, 36;;
;;1993;M;LIGHT;532.5;IV;;;37;;14, 18, 28, 15, 27, 13, 33, 24, 17, 39, 22, 31, 35, 25, 12, 26, 19, 21, 34, 10, 29, 36, 11, 20, 30, 16;;39
;;1993;M;LIGHT;531.5;II;;;37;;36, 35, 34, 33, 32, 31, 30, 29, 28, 27, 26, 25, 24, 23, 22, 21, 20, 19, 18;;
;;1984;M;LIGHT;531;IV;;;40, 32;;39, 38, 36, 35, 21, 26, 15, 18, 28, 29, 34, 27, 31, 33, 23, 17, 25, 20, 13;;
;;1998;M;LIGHT;530;X;;;;;7, 21, 18, 28, 33, 25, 20, 29, 35, 36, 34, 32, 31, 30, 26, 27, 24, 23, 22, 19, 17;;36
;;2000;M;LIGHT;529.5;II;;;41, 43, 40, 37, 36;;39, 28, 27, 32, 33, 34, 35, 31, 24, 22, 25, 17, 20, 16, 26, 29, 21, 23;;
;;2007;M;PRO;529;III;;;38, 44;;31, 32, 33, 34, 35, 45, 43, 42, 41, 40, 37, 39, 36;;41
;;2008;K;PRO;529;I;;;48, 45, 43, 46;;33, 34, 41, 36, 35, 37, 38, 31, 42, 40, 39, 32;;
;;2007;M;PRO;529;III;;;44, 38;;45, 43, 32, 33, 42, 34, 41, 40, 39, 37, 35, 36, 31;;43
;;2009;M;PRO;528.5;IV;;;43, 48;;31, 32, 33, 37, 36, 35, 34, 40, 41, 42, 45, 39, 38;;41
;;1992;M;LIGHT;528;IX;;;32, 38;;14, 15, 28, 18, 21, 24, 27, 33, 23, 17, 39, 22, 31, 25, 37, 35, 26, 19, 34, 30, 20, 16;;39
;;2008;M;PRO;527.5;IV;;;43, 46;;31, 34, 35, 40, 39, 33, 42, 45, 32, 37, 38, 41, 36;;45
;;2002;M;PRO;526;II;;;;;36, 34, 45, 41, 32, 43, 33, 39, 31, 35, 37, 38, 40, 42;;
;;2000;M;PRO;526;IX;;;;;38, 41, 37, 40, 42, 34, 32, 33, 43, 45, 39, 31, 35, 36;;43
;;2006;K;PRO;526;II;;;;;31, 32, 33, 34, 35, 36, 37, 38, 39, 40, 41, 42, 43, 45;;45
;;1990;M;PRO;526;V;;;;;31, 32, 33, 34, 35, 36, 37, 38, 39, 40, 41, 42, 43, 45;;41
;;2006;M;LIGHT;524.5;II;;;37, 40, 42;;16, 17, 2, 35, 31, 25, 34, 36, 22, 23, 32, 33, 27, 29, 20, 28, 26, 21, 24, 19, 18, 15;;
;;2003;M;LIGHT;524.5;VI;;;34, 37, 40;;9, 11, 12, 26, 5, 19, 3, 21, 1, 14, 18, 28, 8, 15, 7, 24, 33, 27, 13, 23, 17, 39, 22, 31, 25, 35, 6, 30, 2, 20, 16, 10, 36, 29, 4;;31
;;1995;M;LIGHT;523.5;IV;;;41, 36;;5, 21, 12, 17, 20, 22, 25, 35, 32, 33, 34, 39, 31, 29, 26, 27, 28, 30, 24;;
;;1980;M;LIGHT;522.5;VIII;;;32, 37, 38;;1, 14, 18, 28, 8, 15, 27, 13, 23, 33, 24, 7, 21, 6, 31, 22, 17, 39, 25, 12, 9, 5, 19, 26, 3, 34, 10, 29, 4, 36, 2, 20, 11, 30, 16;;
;;1997;M;LIGHT;521;V;;;;;9, 12, 37, 25, 17, 22, 31, 6, 35, 5, 3, 21, 34, 1, 14, 18, 28, 8, 15, 7, 24, 33, 27, 13, 23, 2, 20, 16, 30, 11, 36, 4, 29;;31
;;1999;M;LIGHT;520.5;VI;;;40, 43, 37, 42, 38, 36;;35, 33, 25, 34, 39, 27, 28, 32, 22, 23, 24, 26, 19, 20, 21, 16, 17, 18, 13, 14, 15, 10, 11, 12, 31;;
;;1998;M;LIGHT;520.5;X;;;37, 36, 32;;39, 35, 34, 33, 31, 30, 29, 28, 27, 26, 25, 24, 23, 22, 21, 20, 19, 18;;
;;2008;M;LIGHT;520.5;X;;;32, 40, 35;;7, 8, 10, 11, 12, 13, 17, 14, 15, 18, 16, 19, 20, 21, 29, 22, 23, 24, 25, 26, 27, 28, 36, 34, 33, 31, 30, 37;;
;;33;M;LIGHT;519.5;V;;;41, 42, 43, 32, 38, 37, 36, 39;;1, 2, 3, 4, 5, 6, 7, 8, 9, 10, 11, 12, 13, 14, 15, 16, 17, 18, 19, 20, 21, 25, 22, 23, 24, 27, 26, 28, 29, 31, 33, 40, 35, 34;;40
;;1992;M;LIGHT;519.5;IX;;;39, 36;;35, 37, 31, 25, 30, 22, 27, 33, 34, 21, 29, 24, 28, 20, 23, 26, 19, 18;;37
;;1999;M;LIGHT;519;VI;;;;;21, 31, 27, 33, 35, 39, 34, 23, 28, 32, 26, 25, 20, 16, 22, 17, 19, 24, 29, 18;;41
;;2001;M;LIGHT;518.5;X;;;40, 42, 37, 36;;35, 29, 30, 20, 34, 31, 33, 32, 27, 28, 24, 23, 26, 25, 22, 21, 19;;
;;1999;M;LIGHT;518.5;IV;;;42, 40, 37, 36, 32;;17, 23, 12, 28, 18, 33, 25, 35, 39, 30, 20, 21, 1, 14, 26, 22, 2, 16, 11, 29, 4, 8, 15, 27, 13, 9, 31, 34, 3, 5;;
;;2014;K;LIGHT;518.5;IV;;;37, 36, 38;;17, 25, 26, 24, 32, 33, 23, 27, 30, 31, 28, 34, 29, 21, 20, 16, 39, 13, 19, 15, 14, 18, 22;;
;;1998;M;LIGHT;517.5;IX;;;36, 41, 37, 39;;13, 7, 24, 17, 22, 30, 25, 19, 26, 34, 33, 32, 35, 27, 28, 29, 31, 18, 20, 21, 23;;35
;;1984;M;LIGHT;517.5;I;;;41, 36, 39, 37;;30, 20, 26, 19, 29, 18, 28, 33, 34, 21, 12, 9, 35, 31, 22, 17, 25, 27, 24, 32, 15, 23, 13, 16, 14, 5, 6, 8, 7, 11, 10;;
;;21;M;LIGHT;517;V;;;39, 37, 32;;10, 18, 26, 25, 22, 33, 28, 34, 35, 27, 29, 36, 31, 24, 21, 23, 30, 20, 17;;
;;2010;M;LIGHT;516.5;V;;;36, 39, 40;;35, 31, 29, 30, 33, 34, 25, 26, 27, 28, 32, 22, 23, 24, 16, 17, 18, 20, 21, 19;;31
;;2002;M;LIGHT;516;III;;;39, 37, 36, 38;;9, 19, 22, 26, 30, 20, 16, 31, 25, 35, 34, 29, 32, 28, 33, 27, 24, 23, 21;;
;;1997;K;LIGHT;514.5;IV;;;39, 36;;27, 31, 33, 34, 35, 29, 30, 20, 32, 22, 26, 24, 28, 19, 23, 25, 21, 18, 17;;27
;;1999;M;LIGHT;514.5;IV;;;37, 38;;1, 8, 15, 14, 18, 7, 21, 23, 25, 27, 31, 35, 34, 22, 20, 19, 32, 24, 29, 28, 26, 17, 16, 33, 30;;
;;1995;M;LIGHT;513.5;VIII;;;37;;5, 19, 26, 3, 34, 10, 1, 14, 29, 4, 36, 18, 28, 21, 8, 15, 7, 24, 32, 33, 27, 13, 23, 17, 25, 22, 31, 6, 12, 9, 11, 30, 20, 2, 16;;
;;1989;M;LIGHT;513.5;II;;;39;;18, 19, 11, 16, 20, 22, 23, 24, 27, 28, 29, 21, 26, 25, 31, 35, 33, 32, 34, 17, 30;;20
;;1981;M;LIGHT;513.5;V;;;37;;1, 14, 18, 8, 15, 13, 27, 7, 32, 24, 33, 23, 22, 31, 6, 21, 10, 34, 3, 26, 19, 5, 9, 12, 25, 17, 2, 16, 30, 20, 11, 4, 29, 36, 28;;
;;1991;M;LIGHT;513;VIII;;;42, 39, 37, 38;;1, 2, 3, 4, 5, 6, 7, 8, 9, 10, 11, 12, 13, 14, 15, 16, 17, 18, 19, 20, 24, 32, 33, 27, 23, 22, 31, 35, 25, 29, 21, 28, 36, 30;;32
;;28;M;LIGHT;512;I;;;36;;25, 26, 27, 28, 29, 30, 31, 32, 33, 34, 35, 24, 23, 22, 21, 20, 19, 18, 17, 16;;
;;2006;M;LIGHT;511.5;II;;;36, 39;;3, 7, 22, 30, 25, 27, 33, 28, 29, 35, 34, 31, 26, 21, 18, 13, 20, 17, 24, 41;;41
;;1980;M;LIGHT;511;I;;;;;12, 28, 3, 22, 25, 21, 27, 17, 15, 18, 16, 33, 36, 29, 30, 20, 23, 24, 32, 26, 31, 19, 34, 13;;36
;;1997;M;PRO;511;IV;;;46;;31, 37, 39, 35, 40, 38, 42, 34, 33, 32, 43, 36, 48;;31
;;1998;K;LIGHT;510.5;X;;;35, 41, 46, 32, 36;;30, 20, 16, 39, 22, 25, 31, 12, 26, 19, 21, 34, 18, 28, 15, 24, 27, 33, 23, 29;;
;;2008;M;LIGHT;510;I;;;;;18, 28, 27, 23, 33, 24, 32, 21, 34, 26, 19, 35, 31, 25, 17, 22, 20, 16, 30, 29, 15;;
;;1997;M;PRO;508.5;IX;;;43, 38, 46;;31, 32, 33, 34, 35, 36, 45, 39, 37, 40, 41, 42;;37
;;1990;K;PRO;508;I;;;42, 46, 43, 45, 48;;34, 41, 40, 38, 35, 37, 31, 39, 33, 32, 36;;41
;;2010;M;PRO;507.5;III;;;38, 43, 44;;31, 32, 33, 34, 35, 36, 39, 37, 40, 41, 42, 45;;41
;;2007;M;LIGHT;507;II;;;36;;4, 29, 14, 33, 10, 18, 21, 17, 39, 22, 31, 35, 25, 30, 34, 20, 16, 27, 28, 26, 11, 24;;39
;;1999;M;PRO;507;III;;;38;;45, 42, 41, 40, 43, 36, 34, 32, 33, 39, 31, 35, 37;;41
;;1991;M;PRO;505;I;;;42;;45, 32, 33, 43, 39, 31, 35, 37, 40, 38, 41, 34, 36;;41
;;1984;M;LIGHT;505;IV;;;37, 39, 32;;3, 6, 12, 17, 22, 25, 18, 19, 9, 8, 28, 27, 13, 15, 21, 33, 1, 14, 10, 4, 29, 36, 34, 23, 2, 16, 20, 30, 11, 7, 24, 35, 5, 26;;34
;;1995;M;LIGHT;504.5;VIII;;;37;;4, 13, 18, 17, 2, 27, 22, 25, 21, 26, 11, 24, 33, 29, 28, 36, 30, 35, 34, 1, 7, 6, 9, 12, 3, 16, 15, 8, 14, 5, 31, 19, 10;;36
;;2010;K;PRO;504.5;III;;;43;;34, 31, 32, 33, 35, 36, 37, 38, 39, 40, 41, 42, 45;;45
;;2002;M;PRO;504.5;II;;;43;;31, 39, 35, 37, 38, 41, 40, 42, 34, 32, 33, 45, 36;;
;;2006;M;PRO;504.5;X;;;43;;38, 41, 42, 40, 35, 39, 33, 31, 32, 45, 34, 36, 37;;49
;;2006;M;LIGHT;504.5;X;;;36, 35;;27, 23, 26, 33, 29, 41, 34, 31, 25, 22, 39, 28, 18, 20, 21, 17, 19, 16;;41
;;1992;M;PRO;504.5;VI;;;43;;31, 32, 33, 34, 35, 36, 37, 38, 39, 40, 41, 42, 45;;45
;;1999;M;PRO;504.5;V;;;43;;36, 40, 34, 33, 41, 42, 37, 35, 39, 32, 31, 38, 45;;45
;;2006;M;PRO;504.5;IX;;;43;;45, 34, 41, 42, 33, 35, 37, 40, 38, 31, 39, 32, 36;;45
;;1981;M;PRO;504.5;IX;;;43;;36, 33, 32, 39, 31, 37, 35, 41, 40, 42, 38, 34, 45;;
;;2006;M;PRO;504.5;II;;;43;;38, 37, 39, 31, 35, 40, 42, 34, 41, 45, 36, 33, 32;;45
;;14;K;LIGHT;504;IV;;;32, 39, 37, 38, 36, 40;;1, 2, 3, 4, 5, 6, 7, 8, 9, 10, 11, 12, 13, 14, 15, 16, 17, 18, 19, 20, 21, 22, 23, 24, 25, 27, 28, 26, 29, 34, 33, 30, 31, 35;;
;;1977;M;LIGHT;503;II;;;36, 37, 39;;11, 16, 13, 15, 14, 18, 17, 23, 24, 27, 19, 21, 31, 22, 25, 26, 34, 35, 20, 29, 28, 32, 33, 12, 9;;
;;2000;M;LIGHT;503;II;;;39, 37, 32, 19;;10, 12, 17, 29, 36, 33, 11, 13, 35, 31, 28, 27, 26, 25, 20, 18, 16, 14, 15, 21, 24, 23, 22, 1, 9, 8, 7, 6, 5, 4, 3, 2, 34;;35
;;2000;M;LIGHT;503;V;;;40;;6, 17, 14, 18, 13, 15, 16, 20, 22, 27, 21, 33, 35, 30, 34, 28, 25, 29, 36, 26, 24, 23, 19;;
;;1999;M;LIGHT;502;VI;;;34, 32, 36;;2, 16, 20, 30, 22, 17, 39, 25, 31, 35, 12, 9, 10, 7, 24, 33, 13, 1, 14, 4, 29, 27, 3, 8, 5, 6, 11, 21, 15, 18, 19, 23, 26, 28;;
;;1996;M;LIGHT;502;IV;;;37, 39, 31, 36;;18, 21, 26, 25, 33, 27, 34, 32, 20, 30, 35, 28, 29, 22, 24, 23, 19, 16, 17, 15;;34
;;1975;M;LIGHT;501;I;;;36;;39, 35, 33, 31, 30, 29, 28, 27, 26, 25, 24, 23, 22, 21, 20, 19, 18, 17, 16, 15;;
;;1993;M;LIGHT;501;I;;;37, 32, 39, 36;;18, 21, 22, 25, 31, 29, 28, 35, 26, 19, 20, 16, 34, 33, 24, 27, 23, 30, 17;;37
;;33;M;LIGHT;500.5;III;;;37, 36, 35, 39, 41;;1, 18, 17, 22, 6, 23, 13, 27, 2, 20, 30, 16, 25, 12, 9, 26, 5, 19, 3, 21, 15, 8, 14, 4, 29, 11, 34, 10, 24, 7, 28, 32, 33, 31;;11
;;1999;M;LIGHT;500.5;X;;;41, 36;;16, 30, 25, 22, 35, 33, 23, 28, 18, 21, 26, 31, 17, 14, 34, 24, 27, 15, 19, 2, 20, 29, 13;;
;;2010;K;LIGHT;500;V;;;32;;28, 27, 24, 33, 13, 22, 34, 26, 37, 35, 25, 31, 30, 20, 29, 36, 23, 11;;36
;;1996;M;LIGHT;499.5;II;;;41, 37, 42, 19, 39, 36;;1, 10, 8, 13, 6, 22, 31, 35, 15, 28, 33, 26, 27, 12, 9, 21, 14, 18, 34, 17, 23, 25, 29, 20, 30, 16, 11, 3, 4, 5;;
;;1996;M;LIGHT;499;VII;;;;;1, 7, 14, 15, 8, 10, 3, 6, 12, 9, 25, 31, 17, 16, 11, 20, 22, 33, 27, 29, 18, 13, 34, 28, 24, 19, 26, 5, 21, 39, 32, 23;;
;;1988;M;LIGHT;499;VIII;;;36, 42;;35, 28, 26, 20, 21, 33, 25, 29, 30, 17, 18, 22, 23, 24, 27, 31, 32, 19, 16;;31
;;1998;K;LIGHT;498.5;VII;;;32, 36, 37;;16, 17, 18, 19, 20, 21, 22, 23, 24, 25, 26, 27, 28, 29, 30, 31, 33, 34, 35, 4, 15;;31
;;2008;M;LIGHT;498;X;;;36, 40, 42, 32;;15, 21, 20, 30, 33, 27, 34, 31, 29, 35, 22, 23, 24, 28, 25, 26;;40
;;1994;M;LIGHT;497.5;IX;;;32, 39;;10, 11, 13, 14, 15, 16, 17, 18, 19, 20, 21, 22, 23, 24, 25, 26, 27, 28, 29, 30, 31, 33, 34, 35;;35
;;1996;M;LIGHT;497;V;;;32, 34;;9, 12, 25, 22, 30, 21, 26, 35, 33, 29, 36, 28, 31, 27, 24, 23, 17, 18, 20, 16, 19;;
;;2009;M;LIGHT;496.5;IX;;;37;;18, 24, 27, 33, 25, 17, 16, 20, 29, 15, 28, 31, 35, 21, 19, 22, 26, 34, 23, 30;;34
;;2000;M;LIGHT;496;VIII;;;36;;12, 17, 27, 23, 13, 33, 10, 21, 29, 25, 22, 16, 11, 30, 20, 35, 9, 26, 19, 28, 18, 34, 31, 24, 15, 14, 1, 6, 8, 7;;
;;2004;M;LIGHT;496;VIII;;;36;;24, 22, 29, 25, 34, 33, 35, 28, 27, 30, 20, 31, 18, 23, 21, 26, 17, 15, 19, 16;;27
;;1996;M;LIGHT;496;VI;;;36;;10, 12, 17, 22, 25, 27, 33, 26, 28, 34, 18, 24, 31, 19, 23, 35, 29, 30, 20, 21, 16, 15;;
;;1990;M;LIGHT;496;V;;;36, 32;;35, 31, 34, 33, 30, 29, 28, 11, 12, 13, 27, 26, 25, 24, 23, 22, 21, 18, 16, 17, 19, 20;;35
;;1995;M;LIGHT;495.5;VI;;;36, 39;;13, 7, 10, 14, 18, 15, 28, 12, 11, 30, 16, 22, 17, 27, 33, 24, 21, 19, 25, 29, 34, 8, 23, 26, 35, 9, 6, 5, 4, 1, 2, 3, 31;;34
;;33;M;LIGHT;495.5;VI;;;37, 36;;25, 22, 17, 13, 33, 27, 28, 35, 31, 34, 30, 29, 24, 23, 21, 20, 16, 26, 18;;31
;;1991;K;LIGHT;495;VII;;;;;22, 31, 35, 25, 17, 34, 26, 19, 21, 28, 18, 24, 32, 33, 27, 23, 20, 29, 16, 15, 14, 13, 10, 11, 12, 7, 8, 9, 4, 5, 6, 1, 2, 3;;
;;1982;M;LIGHT;495;IX;;;;;4, 29, 14, 18, 28, 15, 27, 13, 33, 24, 32, 23, 17, 22, 31, 35, 25, 21, 34, 10, 26, 19, 20, 16, 11;;33
;;1993;M;LIGHT;494.5;III;;;35, 36;;5, 9, 10, 23, 22, 18, 33, 26, 25, 29, 21, 28, 32, 31, 27, 30, 34, 24, 11, 20, 19, 17, 13, 15, 14, 12, 16;;
;;2007;M;LIGHT;493;I;;;;;1, 2, 17, 18, 16, 13, 14, 11, 35, 33, 29, 27, 31, 8, 15, 10, 20, 24, 23, 22, 21, 28, 25, 5, 9, 12, 19, 26, 30, 3, 4, 7, 34, 6;;31
;;1995;M;LIGHT;492;II;;;34, 36, 32, 33, 39, 37;;5, 12, 19, 17, 9, 3, 6, 22, 25, 26, 13, 10, 14, 1, 28, 15, 7, 21, 24, 27, 2, 11, 16, 35, 29, 8, 4, 18, 23, 31, 20, 30, 41;;41
;;1992;K;LIGHT;492;IX;;;36;;29, 1, 14, 18, 28, 15, 27, 13, 23, 33, 24, 32, 7, 21, 34, 19, 26, 9, 12, 25, 6, 31, 22, 17, 20, 30, 11;;
;;17;K;LIGHT;491.5;V;;;32, 37, 36;;18, 28, 27, 13, 33, 24, 34, 26, 21, 35, 19, 30, 22, 25, 20, 17, 29, 31;;35
;;1994;M;LIGHT;491.5;V;;;37, 32;;15, 18, 24, 27, 29, 36, 21, 25, 35, 17, 22, 30, 33, 16, 20, 31, 28, 19, 9, 26;;36
;;1991;M;LIGHT;491.5;VIII;;;36, 41;;3, 6, 10, 14, 18, 20, 25, 22, 27, 26, 29, 30, 31, 33, 35, 34, 28, 23, 19, 21, 17, 15;;
;;2004;M;LIGHT;491;III;;;38, 40, 39, 36, 32, 37, 31;;1, 3, 7, 12, 2, 18, 16, 30, 17, 33, 23, 35, 34, 27, 28, 22, 25, 20, 13, 14, 29, 4, 24, 21, 26, 19;;40
;;29;M;LIGHT;490.5;IX;;;36, 31, 41, 32, 37, 39;;25, 18, 15, 14, 17, 30, 16, 26, 24, 23, 12, 21, 33, 34, 27, 13, 19, 22, 35, 20, 29, 28;;
;;1987;M;LIGHT;490.5;V;;;42, 36, 19, 38, 37;;14, 18, 28, 8, 10, 34, 15, 32, 21, 33, 27, 30, 13, 23, 17, 22, 25, 12, 9, 11, 20, 29, 24, 16, 31, 7;;
;;2007;M;LIGHT;490.5;VII;;;38, 34, 37;;33, 29, 15, 27, 41, 36, 32, 28, 25, 20, 26, 30, 22, 14, 18, 21, 19;;
;;1996;M;LIGHT;489;V;;;37, 36, 40, 41, 32;;33, 27, 24, 35, 29, 39, 26, 31, 22, 21, 28, 23, 20, 19, 18, 17, 16, 15, 14, 13, 12, 11, 10, 9, 8, 7, 5, 6, 4, 3, 2, 1;;40
;;2001;M;LIGHT;488;X;;;36, 32, 37, 39;;7, 10, 13, 14, 25, 15, 18, 21, 16, 17, 24, 31, 35, 33, 29, 23, 27, 20, 22, 26, 28, 34, 19;;34
;;2010;M;LIGHT;488;IV;;;;;2, 4, 20, 36, 11, 16, 30, 29, 14, 18, 28, 21, 15, 13, 23, 22, 1, 3, 5, 6, 7, 8, 9, 10, 12, 17, 26, 19, 24, 32, 34, 31, 33;;36
;;1999;M;LIGHT;488;V;;;41, 35, 32, 36, 34;;1, 2, 5, 26, 3, 9, 12, 25, 6, 4, 31, 22, 39, 17, 30, 29, 16, 20, 11, 33, 24, 13, 27, 8, 15, 28, 14, 18, 10, 7, 21, 19, 23;;
;;2006;M;LIGHT;486.5;II;;;39;;2, 4, 1, 14, 29, 22, 30, 33, 18, 10, 21, 13, 17, 31, 35, 25, 20, 16, 28, 36, 5, 11, 15, 8, 26, 27, 24;;39
;;1989;M;LIGHT;486;I;;;;;7, 18, 28, 21, 25, 31, 19, 29, 34, 36, 35, 33, 27, 23, 15, 8, 14, 17, 22, 10, 9, 11, 16, 13, 6, 12, 30;;36
;;1987;M;LIGHT;486;III;;;36, 37, 40, 32, 35, 39;;17, 22, 13, 33, 27, 24, 23, 18, 21, 14, 20, 30, 28, 31, 11, 15, 34, 19, 26, 25, 16, 29;;40
;;2007;M;PRO;485.5;III;;;38, 43;;31, 41, 37, 39, 35, 32, 40, 34, 45, 42, 36, 33;;45
;;1989;M;PRO;485.5;V;;;38, 43;;31, 32, 33, 34, 35, 36, 45, 41, 40, 37, 39, 42;;
;;2004;K;LIGHT;484.5;X;;;37, 36, 38;;17, 18, 25, 29, 14, 33, 22, 31, 28, 15, 23, 19, 21, 20, 24, 34, 16, 27, 26, 32;;
;;1993;M;PRO;484.5;X;;;38, 45;;31, 35, 39, 37, 40, 42, 41, 36, 43, 33, 32, 34;;41
;;1992;M;LIGHT;484.5;II;;;37, 36, 30, 32;;35, 34, 31, 33, 29, 28, 27, 26, 25, 24, 23, 22, 21, 20, 19, 18, 17;;37
;;26;M;LIGHT;483.5;IX;;;35, 39, 37, 36;;13, 23, 22, 33, 34, 28, 27, 25, 20, 30, 26, 24, 21, 18, 29, 31, 17, 16, 19, 15;;
;;1992;M;LIGHT;483.5;III;;;31, 36, 37, 32;;1, 3, 6, 4, 16, 19, 21, 29, 20, 30, 24, 27, 25, 23, 26, 22, 28, 17, 18, 15, 33, 34, 14, 35;;34
;;2010;M;PRO;483.5;I;;;43, 42;;33, 32, 34, 36, 37, 40, 35, 31, 39, 41, 38, 45;;
;;1994;M;LIGHT;483.5;IV;;;42, 47, 35, 37, 36;;12, 7, 8, 10, 18, 15, 21, 14, 3, 29, 26, 20, 16, 30, 17, 22, 11, 4, 25, 39, 33, 13, 27, 34, 6, 28, 1, 5, 2;;
;;1991;M;LIGHT;483;VIII;;;39, 37;;21, 25, 27, 13, 31, 29, 16, 17, 23, 32, 24, 12, 19, 33, 14, 18, 28, 15, 11, 20, 10, 34, 22, 26;;
;;2008;K;PRO;482.5;VIII;;;46, 43;;36, 34, 41, 42, 40, 38, 37, 35, 31, 39, 33, 32;;
;;1990;M;PRO;482.5;VII;;;46, 43;;33, 39, 37, 35, 40, 38, 41, 36, 31, 32, 34, 42;;
;;1988;M;PRO;482;IX;;;45, 43;;42, 41, 40, 37, 38, 39, 36, 35, 34, 31, 32, 33;;39
;;1999;M;LIGHT;482;IV;;;37, 31, 36, 19;;18, 21, 26, 25, 33, 27, 34, 32, 35, 22, 28, 29, 20, 17, 24, 23, 16, 15;;34
;;1984;M;LIGHT;482;VII;;;35, 36, 39;;18, 10, 15, 8, 22, 25, 27, 26, 21, 14, 34, 9, 12, 29, 23, 17, 33, 28, 30, 20, 16, 31, 24, 11, 13, 19;;
;;2008;M;PRO;481.5;IV;;;44, 43;;31, 32, 33, 34, 35, 36, 37, 38, 41, 40, 39, 42;;42
;;1995;M;LIGHT;481;VI;;;36;;23, 33, 24, 15, 28, 34, 10, 12, 27, 29, 35, 31, 22, 18, 14, 21, 26, 25, 20, 16, 17, 19, 13;;
;;1999;M;LIGHT;481;V;;;36, 31, 39, 19;;1, 6, 10, 21, 22, 18, 26, 23, 29, 30, 27, 28, 14, 35, 25, 20, 33, 34, 24, 13, 12, 9, 5, 15, 8, 7, 17, 11, 16;;31
;;2003;M;LIGHT;481;X;;;;;21, 28, 41, 33, 30, 35, 20, 22, 31, 27, 25, 24, 34, 14, 29, 11, 26, 12, 18;;
;;2004;M;LIGHT;480.5;II;;;32, 36, 37;;1, 2, 3, 4, 5, 6, 7, 8, 9, 10, 12, 13, 14, 15, 16, 17, 18, 21, 22, 23, 24, 25, 26, 27, 28, 29, 31, 33, 34, 39;;37
;;1992;M;LIGHT;480.5;IV;;;36, 31;;18, 15, 13, 17, 21, 25, 27, 33, 29, 22, 28, 14, 26, 24, 34, 20, 23, 30, 16, 35, 19;;35
;;1995;M;LIGHT;480;VIII;;;36;;1, 10, 34, 7, 24, 33, 21, 8, 15, 28, 14, 27, 13, 23, 17, 22, 35, 6, 25, 12, 9, 5, 26, 19, 3, 11, 30, 20, 2, 4, 16, 18, 29;;35
;;1994;M;LIGHT;480;IV;;;36, 23, 20;;5, 12, 9, 22, 17, 25, 33, 35, 31, 34, 30, 27, 28, 24, 29, 21, 15, 18, 26, 19, 16;;34
;;1998;M;LIGHT;479.5;X;;;41;;17, 22, 25, 31, 29, 33, 27, 28, 35, 15, 18, 26, 21, 19, 30, 20, 16, 23, 14, 24, 13;;
;;1989;M;LIGHT;478.5;VII;;;32, 35, 36;;22, 25, 24, 16, 33, 27, 8, 28, 26, 19, 21, 20, 31, 23, 17, 30, 11, 18, 15, 29, 34;;34
;;1992;M;LIGHT;477.5;IX;;;36, 39, 32;;3, 7, 5, 14, 18, 28, 26, 35, 41, 31, 29, 25, 27, 22, 33, 21, 30, 20, 17;;
;;1990;M;LIGHT;477.5;VI;;;39, 36;;1, 2, 3, 4, 5, 6, 7, 8, 9, 10, 11, 12, 13, 14, 15, 16, 17, 18, 19, 20, 27, 28, 33, 34, 35, 29, 25, 31, 22, 21, 24, 26;;35
;;1990;M;LIGHT;477;VI;;;32, 36;;29, 26, 18, 34, 21, 15, 27, 33, 13, 23, 22, 31, 30, 20, 11, 25, 12, 28, 8, 24, 17, 5, 19, 14, 10, 16;;30
;;2002;M;LIGHT;477;VI;;;;;22, 13, 17, 6, 24, 23, 14, 18, 15, 27, 21, 29, 35, 25, 20, 26, 33, 8, 10, 16, 12, 9, 11, 19, 2, 34, 28, 31;;27
;;1990;M;LIGHT;477;III;;;39, 37, 34;;17, 15, 16, 18, 22, 25, 30, 29, 28, 21, 24, 27, 26, 20, 36, 14, 33, 13, 35, 10;;35
;;1999;K;LIGHT;476.5;V;;;37;;29, 14, 18, 28, 8, 15, 27, 13, 33, 24, 7, 21, 10, 34, 31, 22, 23, 17, 25, 12, 9, 26, 19, 30, 16, 20;;
;;1994;M;LIGHT;476.5;VI;;;37, 39, 36, 29;;20, 8, 30, 16, 11, 34, 35, 15, 21, 33, 31, 32, 27, 26, 25, 22, 28;;
;;23;K;LIGHT;476.5;IV;;;39, 36;;13, 27, 15, 6, 28, 14, 1, 33, 32, 7, 10, 34, 21, 3, 26, 19, 5, 9, 12, 25, 35, 31, 22, 17, 4, 29, 18, 8;;
;;2000;M;LIGHT;476;I;;;36;;2, 6, 11, 16, 21, 20, 22, 23, 27, 29, 31, 30, 33, 28, 34, 25, 17, 18, 12, 19, 24, 15, 14, 26;;34
;;1998;K;LIGHT;476;VIII;;;36;;5, 8, 10, 15, 16, 17, 18, 19, 20, 21, 22, 23, 24, 25, 26, 27, 30, 29, 28, 31, 33, 34;;34
;;1986;K;LIGHT;476;III;;;36, 34;;12, 17, 33, 23, 27, 13, 29, 28, 30, 24, 25, 32, 20, 22, 31, 26, 21, 18, 14, 19, 16, 15, 9;;34
;;2000;M;PRO;474;X;;;48;;31, 32, 34, 35, 36, 37, 38, 39, 42, 41, 40, 45;;
;;1998;M;LIGHT;472.5;V;;;34, 31, 36, 39, 42;;3, 17, 11, 16, 20, 29, 13, 33, 24, 27, 30, 35, 18, 28, 21, 15, 22, 12, 19, 25, 14, 23, 8, 26;;
;;1994;K;LIGHT;472;VIII;;;36, 32;;5, 8, 18, 10, 21, 27, 25, 31, 22, 23, 24, 28, 29, 33, 26, 19, 16, 30, 17, 15, 34;;34
;;1992;M;LIGHT;470.5;III;;;36, 33, 39, 32, 34, 42;;29, 26, 19, 25, 35, 22, 17, 23, 27, 24, 18, 28, 21, 20, 31, 30;;35
;;1994;M;LIGHT;470.5;I;;;39, 36;;35, 12, 13, 14, 15, 16, 17, 18, 19, 20, 21, 22, 23, 24, 25, 27, 28, 29, 30, 31, 33;;35
;;1997;M;LIGHT;469.5;I;;;36, 25, 37, 34, 39;;12, 18, 21, 27, 33, 35, 28, 31, 22, 24, 26, 20, 23, 29, 30, 17;;39
;;1998;M;LIGHT;468.5;IV;;;32, 36, 31;;14, 18, 16, 33, 29, 28, 34, 20, 22, 24, 21, 26, 30, 27, 17, 25, 35, 13;;
;;1974;M;LIGHT;467.5;IV;;;32, 39;;26, 34, 10, 18, 21, 33, 27, 23, 22, 35, 31, 37, 25, 20, 16, 30, 24;;
;;1995;M;LIGHT;466.5;VII;;;36, 39;;29, 28, 35, 33, 26, 30, 20, 22, 23, 25, 31, 18, 21, 19, 24, 14, 16, 15;;35
;;1997;M;PRO;466.5;I;;;43;;45, 42, 41, 40, 39, 37, 36, 35, 34, 33, 32, 31;;40
;;1998;M;LIGHT;466.5;II;;;39, 32, 36;;6, 13, 14, 21, 17, 18, 20, 16, 25, 30, 35, 33, 22, 29, 12, 27, 28, 26, 19, 11, 10, 23, 24, 15, 9, 8;;
;;2011;K;LIGHT;466.5;III;;;32, 34, 36, 37, 39, 35;;15, 16, 17, 18, 19, 20, 21, 22, 23, 24, 25, 26, 27, 28, 29, 30, 31, 33, 11, 14, 13;;30
;;2005;M;PRO;466.5;VI;;;43;;31, 32, 33, 39, 37, 34, 45, 36, 42, 35, 40, 41;;41
;;2012;M;LIGHT;465.5;VI;;;37, 38;;11, 13, 14, 15, 16, 17, 19, 20, 21, 22, 23, 24, 25, 27, 28, 29, 30, 31, 33, 34;;6
;;2007;M;LIGHT;465.5;III;;;32, 31, 30;;1, 2, 3, 4, 5, 6, 7, 8, 9, 10, 14, 18, 21, 15, 17, 20, 16, 25, 26, 27, 28, 33, 29, 24, 35, 36, 19, 23, 22, 11, 13;;27
;;2006;K;PRO;465.5;I;;;42, 44, 43;;36, 32, 34, 31, 38, 33, 40, 46, 35, 39, 37;;40
;;2009;K;LIGHT;465;IV;;;30, 24;;1, 2, 3, 4, 5, 6, 7, 8, 9, 10, 11, 12, 13, 14, 15, 16, 29, 18, 28, 34, 27, 33, 23, 17, 31, 22, 25, 26, 19, 20, 21, 32;;34
;;2002;M;PRO;464.5;VI;;;38, 42, 43;;31, 32, 33, 34, 35, 36, 37, 39, 40, 41, 45;;42
;;2003;M;PRO;463.5;IV;;;46, 38, 43;;36, 34, 42, 32, 40, 37, 31, 35, 39, 33, 41;;
;;1995;M;PRO;463;VII;;;38, 45, 43;;36, 31, 35, 37, 40, 41, 34, 42, 33, 32, 39;;
;;2006;K;PRO;463;I;;;45, 43, 38;;36, 34, 41, 42, 32, 33, 39, 37, 31, 35, 40;;
;;1995;M;PRO;463;X;;;38, 43, 45;;31, 32, 33, 34, 35, 36, 37, 39, 40, 41, 42;;42
;;2007;M;LIGHT;462.5;X;;;39, 36;;10, 15, 27, 33, 22, 31, 35, 25, 26, 24, 1, 14, 18, 8, 7, 13, 23, 6, 12, 9, 5, 3, 29, 4, 2, 16, 30, 21, 17, 19;;34
;;1993;M;LIGHT;462.5;III;;;35;;14, 10, 22, 20, 29, 11, 17, 13, 18, 21, 15, 12, 31, 25, 33, 24, 16, 23, 34, 19, 26, 30, 28;;
;;2002;M;LIGHT;462.5;I;;;26, 32, 36, 37, 24, 23;;25, 27, 28, 29, 30, 31, 33, 34, 35, 17, 18, 20, 21, 22, 15;;
;;1991;M;LIGHT;462.5;V;;;38, 37, 39, 28, 31;;8, 18, 15, 26, 19, 12, 25, 33, 13, 27, 23, 22, 17, 34, 1, 14, 35, 10, 30, 16, 2, 20, 9, 5, 7, 21, 11, 6, 24, 3;;
;;1998;M;PRO;462;II;;;38;;41, 42, 36, 31, 32, 33, 34, 35, 37, 43, 39, 40;;41
;;2010;M;LIGHT;461.5;X;;;39, 36;;3, 5, 6, 9, 12, 10, 1, 14, 8, 28, 15, 26, 11, 16, 2, 17, 22, 13, 33, 24, 29, 30, 20, 23, 18, 25, 31, 27, 7, 21, 19, 4;;30
;;2000;M;LIGHT;460;V;;;32, 36;;18, 27, 26, 31, 35, 34, 30, 28, 29, 33, 25, 22, 23, 24, 20, 21;;
;;2010;K;LIGHT;460;V;;;36;;18, 28, 27, 13, 33, 24, 32, 34, 26, 25, 31, 22, 17, 20, 30, 11, 29, 12, 10;;
;;2000;M;LIGHT;459.5;IX;;;39;;25, 37, 40, 22, 35, 31, 34, 18, 14, 36, 15, 27, 33, 24, 4, 16, 29;;
;;2000;K;LIGHT;459;VI;;;36;;1, 2, 3, 4, 5, 6, 7, 8, 9, 10, 11, 12, 13, 14, 15, 16, 17, 18, 19, 20, 21, 22, 27, 25, 28, 33, 34, 35, 29, 31, 24;;31
;;1999;M;LIGHT;459;VI;;;36;;31, 9, 35, 1, 2, 3, 4, 5, 6, 7, 8, 10, 11, 12, 13, 14, 15, 16, 17, 18, 19, 20, 22, 25, 28, 29, 27, 34, 21, 24, 33;;
;;1993;M;LIGHT;459;III;;;34, 36;;14, 18, 15, 10, 22, 17, 12, 23, 13, 26, 11, 16, 19, 25, 27, 33, 28, 29, 31, 21, 20, 30, 24;;34
;;1991;M;LIGHT;458.5;I;;;36, 39;;25, 13, 22, 21, 35, 31, 29, 34, 28, 30, 17, 14, 16, 20, 15, 8, 27, 6, 18, 10, 12, 9, 26;;
;;2007;K;LIGHT;458.5;X;;;39;;10, 14, 15, 13, 12, 11, 16, 17, 18, 21, 28, 22, 20, 30, 19, 26, 24, 25, 23, 27, 29, 31, 34;;
;;2008;M;LIGHT;458;III;;;37, 39, 40, 32;;29, 21, 24, 27, 33, 35, 25, 31, 22, 28, 20, 16, 11, 12, 9, 15, 18, 14, 26;;
;;1996;M;LIGHT;457.5;VII;;;32, 33;;3, 6, 5, 22, 23, 28, 29, 30, 31, 34, 27, 24, 21, 26, 16, 25, 17, 18, 15, 19, 20;;34
;;1995;M;LIGHT;457.5;VI;;;37;;25, 17, 31, 6, 22, 9, 12, 5, 21, 34, 26, 33, 23, 27, 24, 18, 15, 14, 32, 29, 20, 16;;
;;1992;M;LIGHT;456;I;;;36, 42, 39, 37;;29, 14, 18, 28, 8, 33, 35, 31, 22, 25, 41, 11, 30, 20, 34;;
;;1990;M;LIGHT;455;VIII;;;;;1, 10, 14, 18, 21, 26, 22, 23, 29, 13, 20, 17, 27, 24, 28, 33, 15, 12, 9, 19, 31, 25, 16, 11, 8, 7, 2, 3, 4, 5, 6, 34;;29
;;2006;K;LIGHT;455;I;;;;;29, 14, 18, 28, 8, 15, 27, 23, 33, 24, 34, 21, 26, 19, 25, 31, 22, 17, 16, 20, 13;;33
;;24;M;LIGHT;454.5;V;;;35, 36;;18, 25, 27, 24, 31, 33, 30, 28, 29, 26, 22, 17, 23, 16, 20, 21, 14, 15;;
;;1994;M;LIGHT;454;VI;;;36, 23, 34;;1, 8, 9, 10, 17, 22, 30, 20, 5, 35, 15, 27, 33, 29, 4, 14, 18, 7, 21, 13, 25, 12, 3, 11, 2, 16, 6, 26, 19, 28, 24;;13
;;1995;M;LIGHT;453.5;III;;;35, 36;;3, 16, 17, 21, 1, 4, 22, 29, 14, 18, 15, 8, 5, 11, 23, 27, 13, 26, 7, 9, 12, 6, 25, 2, 24, 30, 31, 28, 10, 33, 19;;33
;;1999;K;LIGHT;453.5;IX;;;32, 39;;9, 12, 14, 18, 29, 25, 22, 20, 16, 31, 15, 28, 34, 21, 19, 26, 27, 17, 33, 23, 3;;34
;;1991;M;LIGHT;452.5;V;;;32, 37, 36;;28, 14, 10, 18, 15, 27, 33, 23, 17, 22, 31, 25, 26, 19, 29, 16, 30, 20, 21;;
;;2000;M;LIGHT;451;IV;;;36;;3, 5, 17, 18, 28, 25, 22, 13, 33, 23, 9, 27, 8, 15, 1, 14, 10, 34, 4, 29, 2, 16, 11, 20, 12, 7, 21, 35, 6, 19, 24;;28
;;1998;M;LIGHT;451;VI;;;;;29, 14, 19, 25, 22, 33, 18, 8, 15, 9, 4, 12, 17, 21, 13, 26, 1, 27, 3, 31, 30, 2, 16, 20, 24, 11, 5, 28, 10, 6, 7, 23;;33
;;1990;M;LIGHT;451;II;;;32, 37, 31, 36;;5, 9, 21, 8, 15, 1, 14, 18, 28, 26, 12, 25, 6, 22, 35, 23, 33, 27, 19, 24, 2, 3, 4, 7, 10, 11, 13, 17, 16, 29, 20;;39
;;1988;M;LIGHT;449;X;;;35, 31, 39, 37;;17, 27, 30, 18, 21, 33, 16, 25, 26, 24, 28, 29, 22, 23, 14, 12, 19, 15, 20;;
;;1999;M;LIGHT;448.5;IX;;;31, 36, 21;;8, 15, 10, 4, 29, 22, 24, 33, 16, 25, 17, 27, 13, 28, 14, 35, 18, 23, 30, 34, 12, 11, 7, 9;;
;;1995;K;LIGHT;448;X;;;38, 30;;32, 28, 13, 4, 18, 27, 14, 23, 17, 22, 31, 25, 20, 33, 24, 29, 19, 10, 12, 9, 11, 16, 21, 15, 5;;
;;2000;M;LIGHT;447.5;V;;;33;;7, 17, 19, 25, 27, 13, 21, 29, 11, 28, 30, 23, 24, 31, 26, 14, 18, 15, 9, 12, 5, 16, 2, 8, 10, 6, 3, 4, 20, 35, 1;;33
;;2000;M;LIGHT;447;V;;;36, 33, 37;;1, 17, 13, 5, 18, 27, 23, 29, 20, 25, 35, 14, 31, 34, 15, 21, 19, 28, 22, 12, 9, 8, 11, 16;;
;;1992;M;LIGHT;447;III;;;37, 31, 32, 40, 38, 42, 34;;1, 2, 3, 4, 5, 6, 9, 12, 25, 39, 17, 22, 33, 23, 24, 7, 21, 28, 18, 8, 14, 27, 13, 10, 29;;
;;1992;M;LIGHT;446;VI;;;21, 39, 37, 36;;5, 3, 35, 6, 31, 22, 17, 25, 12, 34, 1, 2, 14, 18, 28, 8, 15, 33, 30, 20, 16, 29, 4, 11;;34
;;1990;M;LIGHT;446;I;;;30, 34;;1, 2, 3, 4, 5, 6, 7, 8, 9, 10, 11, 12, 13, 14, 15, 16, 17, 18, 19, 20, 21, 22, 23, 24, 25, 27, 28, 29, 31, 32, 33;;31
;;1997;K;LIGHT;445.5;IV;;;31;;1, 12, 9, 6, 28, 27, 3, 8, 15, 25, 17, 2, 11, 16, 20, 23, 33, 13, 7, 4, 14, 18, 10, 34, 21, 22, 30, 5, 19, 26, 29;;
;;24;K;LIGHT;445;VIII;;;32;;24, 33, 30, 28, 26, 19, 31, 7, 21, 18, 23, 29, 15, 14, 17, 13, 12, 11, 16, 20, 27, 25;;
;;1989;K;LIGHT;444.5;VII;;;30, 39, 32;;1, 3, 4, 6, 5, 9, 12, 15, 18, 21, 20, 22, 25, 28, 31, 33, 24, 27, 26, 29, 19, 23, 16, 11, 17, 14, 13, 10;;
;;1997;M;LIGHT;444;VI;;;36, 41, 35, 32, 34;;27, 30, 33, 20, 28, 15, 18, 29, 26, 19, 22, 17, 24, 25, 16, 14, 21;;33
;;2001;M;PRO;443.5;VII;;;38, 43;;31, 32, 33, 34, 35, 36, 37, 39, 40, 41, 45;;40
;;1992;M;LIGHT;443.5;I;;;39;;2, 3, 25, 34, 17, 33, 28, 35, 21, 26, 29, 27, 13, 22, 12, 14, 18, 10, 16, 20, 24;;35
;;2009;M;LIGHT;443.5;II;;;37, 11;;22, 25, 36, 33, 27, 35, 15, 8, 14, 29, 17, 12, 9, 10, 13, 21, 24, 28, 18, 16, 30, 6, 4, 7;;36
;;1999;M;LIGHT;443;I;;;36, 39, 19, 35;;1, 4, 29, 14, 18, 33, 22, 17, 9, 25, 30, 2, 16, 20, 11, 5, 26, 12, 27, 13, 24, 15, 8, 21, 23, 28, 10, 3, 6, 7;;35
;;1994;K;LIGHT;443;IX;;;36, 32;;14, 18, 28, 10, 24, 12, 31, 20, 25, 26, 19, 34, 22, 17, 16, 15, 23, 27, 21, 29, 13, 11, 7, 8, 9;;
;;1991;M;LIGHT;442.5;IV;;;39, 24;;10, 9, 13, 23, 14, 18, 28, 21, 25, 27, 16, 8, 15, 33, 29, 20, 30, 26, 22, 34, 17;;
;;1999;M;LIGHT;442;II;;;39, 31;;10, 14, 18, 13, 22, 17, 16, 20, 11, 30, 2, 25, 21, 27, 24, 29, 15, 23, 33, 28, 26, 19;;
;;1998;M;LIGHT;441.5;X;;;23;;29, 28, 27, 33, 22, 35, 31, 26, 21, 34, 30, 25, 18, 17, 13, 15, 14, 12;;41
;;2011;M;PRO;441.5;X;;;38, 45;;33, 32, 39, 35, 40, 42, 36, 34, 41, 37, 31;;45
;;1994;M;LIGHT;441;X;;;32, 26, 30;;10, 35, 31, 25, 22, 17, 23, 27, 33, 13, 24, 15, 8, 18, 14, 3, 9, 5, 19, 11, 16, 12, 4, 29, 21, 28, 6;;35
;;2000;M;PRO;440.5;IX;;;38, 43;;31, 32, 33, 34, 35, 36, 37, 39, 40, 41, 42;;41
;;1988;M;PRO;440.5;III;;;43, 38;;41, 35, 31, 39, 33, 34, 36, 32, 40, 37, 42;;
;;2005;M;PRO;440.5;II;;;38, 43;;39, 31, 35, 37, 40, 41, 42, 34, 32, 33, 36;;
;;1990;M;PRO;440.5;IV;;;38, 43;;31, 32, 33, 34, 35, 36, 37, 39, 40, 41, 42;;43
;;1987;M;PRO;440.5;IV;;;43, 38;;33, 32, 34, 42, 41, 40, 37, 31, 39, 35, 36;;
;;1996;K;LIGHT;440;VII;;;30, 36, 22;;25, 27, 28, 29, 31, 33, 34, 18, 19, 20, 21, 24, 17, 16, 15, 14, 13, 12, 1, 2, 3, 4, 5, 6, 7, 8, 9, 10, 11, 23;;
;;2000;M;LIGHT;439;VIII;;;;;1, 3, 5, 6, 7, 9, 2, 8, 10, 14, 13, 15, 16, 17, 18, 21, 23, 22, 12, 4, 29, 30, 20, 25, 26, 28, 11, 19, 27, 33, 31;;29
;;2004;M;LIGHT;439;II;;;36;;3, 14, 18, 15, 13, 17, 24, 27, 4, 29, 19, 12, 25, 21, 28, 33, 23, 16, 20, 11, 22, 31, 26, 9;;
;;1988;M;LIGHT;439;II;;;30, 32;;13, 14, 15, 16, 17, 18, 19, 20, 21, 22, 23, 24, 25, 26, 27, 28, 29, 31, 33;;33
;;2009;K;LIGHT;439;V;;;36;;25, 3, 24, 27, 21, 22, 31, 29, 5, 6, 28, 17, 33, 23, 18, 14, 15, 20, 13, 16, 11, 19, 12, 26;;33
;;2003;K;LIGHT;439;VI;;;35, 36, 33, 20;;17, 22, 31, 25, 26, 21, 28, 29, 27, 18, 24, 23, 19, 16, 15, 14, 32;;
;;1999;M;LIGHT;438.5;V;;;37, 36, 23, 17;;5, 8, 18, 21, 27, 26, 33, 28, 34, 29, 24, 32, 20, 30, 22, 25;;
;;1990;M;LIGHT;438.5;X;;;36, 31, 42;;15, 18, 27, 21, 24, 22, 25, 33, 20, 19, 26, 17, 29, 13, 16, 30, 28, 14;;
;;1995;K;PRO;438.5;IX;;;42, 43;;31, 36, 34, 32, 33, 39, 35, 37, 40, 38, 41;;41
;;1998;M;PRO;438.5;IV;;;42, 43;;31, 32, 33, 34, 35, 36, 37, 38, 39, 40, 41;;
;;1989;M;PRO;438.5;VIII;;;43, 42;;38, 41, 40, 37, 35, 31, 39, 33, 32, 34, 36;;41
;;2005;M;LIGHT;437.5;V;;;23, 36, 39;;6, 18, 22, 25, 29, 28, 27, 30, 20, 26, 33, 24, 15, 17, 31, 13, 7, 14, 4, 9, 8, 10, 16, 11, 12;;33
;;1997;M;LIGHT;437;VI;;;;;25, 3, 12, 17, 21, 22, 29, 18, 33, 14, 9, 27, 13, 2, 15, 8, 10, 5, 6, 24, 1, 7, 11, 16, 4, 19, 28, 20, 30, 23, 31;;25
;;1990;M;LIGHT;436;VIII;;;33, 36, 37;;11, 12, 13, 14, 15, 16, 17, 18, 19, 20, 21, 22, 23, 24, 25, 27, 28, 29, 31, 34, 8;;
;;92;M;LIGHT;434.5;I;;;34, 32, 42, 31;;33, 12, 25, 24, 23, 29, 1, 2, 3, 4, 5, 6, 7, 8, 9, 10, 11, 13, 14, 15, 16, 17, 18, 19, 20, 21, 22, 30, 26, 27;;30
;;27;M;LIGHT;434.5;V;;;35;;3, 5, 7, 8, 13, 14, 15, 18, 22, 17, 31, 12, 27, 33, 28, 21, 32, 30, 29, 25, 26, 16;;
;;2000;M;LIGHT;434.5;II;;;42, 37;;18, 27, 25, 22, 30, 29, 33, 31, 26, 21, 20, 23, 28, 19, 12, 10, 13, 8;;
;;1995;M;LIGHT;434;II;;;36, 30;;18, 15, 33, 25, 22, 27, 28, 29, 21, 24, 26, 23, 31, 12, 17, 10, 14, 16, 20;;33
;;2000;M;LIGHT;433;X;;;33, 39, 20, 36;;4, 15, 18, 17, 27, 13, 29, 14, 25, 22, 23, 30, 26, 21, 31, 24, 28, 16;;
;;1989;M;LIGHT;433;IX;;;;;15, 17, 22, 31, 26, 19, 21, 24, 20, 16, 28, 18, 23, 33, 13, 14, 27, 25, 29, 12;;
;;1997;M;LIGHT;432.5;VIII;;;36, 25, 20;;8, 15, 22, 17, 33, 24, 21, 28, 26, 31, 34, 30, 29, 13, 27, 18, 16;;
;;1995;K;LIGHT;432.5;IX;;;36, 35, 25;;19, 20, 26, 31, 17, 34, 22, 23, 16, 13, 27, 24, 15, 18, 14, 10, 21, 29, 28, 12;;
;;1997;M;LIGHT;432;V;;;39, 28, 37;;1, 2, 3, 4, 5, 6, 7, 8, 9, 10, 11, 12, 13, 14, 15, 16, 17, 18, 19, 20, 21, 25, 31, 22, 23, 33, 24, 27, 26, 29;;
;;1999;M;LIGHT;432;I;;;;;2, 11, 16, 23, 33, 13, 17, 3, 9, 12, 1, 14, 18, 8, 15, 10, 21, 4, 7, 29, 5, 6, 19, 26, 30, 22, 27, 24, 25, 20, 28;;33
;;1994;M;LIGHT;432;VIII;;;;;15, 28, 34, 33, 21, 25, 26, 22, 18, 27, 13, 17, 6, 12, 35, 31, 14, 29, 10, 16, 1;;35
;;1994;K;LIGHT;431;VI;;;36, 34, 38;;8, 13, 20, 17, 27, 29, 25, 33, 21, 14, 26, 16, 1, 2, 3, 5, 4, 6, 9, 7, 10, 12, 11, 15, 18, 19, 22, 23, 24, 28;;33
;;2000;M;LIGHT;430.5;VI;;;35;;33, 30, 29, 28, 27, 26, 25, 24, 23, 22, 21, 20, 18, 17, 16, 15, 14, 13, 12, 11, 10, 9, 8, 7, 6, 5, 4, 3, 2, 1;;29
;;1997;M;LIGHT;430;IX;;;;;3, 9, 25, 31, 29, 18, 14, 11, 30, 15, 27, 23, 13, 24, 21, 12, 17, 22, 16, 20, 26, 19, 28;;27
;;2003;M;LIGHT;430;V;;;;;2, 16, 11, 5, 3, 10, 1, 14, 8, 13, 17, 7, 12, 9, 4, 18, 15, 21, 24, 27, 26, 25, 22, 29, 30, 20, 23, 28, 19, 6, 31;;31
;;1996;K;LIGHT;429.5;V;;;31, 32;;12, 25, 13, 23, 27, 15, 28, 18, 21, 29, 33, 22, 17, 16, 24, 34, 19, 14, 11, 20;;
;;25;M;LIGHT;429;VI;;;17, 25, 31;;4, 3, 14, 1, 18, 28, 34, 15, 8, 21, 7, 24, 13, 27, 33, 26, 5, 9, 12, 10, 6, 22, 2, 11, 30, 16, 20, 29, 19;;33
;;1998;M;LIGHT;429;VI;;;35, 39;;1, 2, 3, 4, 5, 6, 7, 8, 9, 10, 11, 12, 13, 14, 15, 16, 17, 18, 19, 20, 22, 25, 34, 33, 27, 29, 31, 21, 26;;34
;;1986;M;LIGHT;429;VII;;;33, 34, 35, 36;;1, 2, 3, 4, 5, 6, 7, 8, 9, 10, 11, 12, 13, 14, 15, 16, 17, 18, 19, 20, 21, 22, 23, 24, 25, 26, 27, 28, 29, 30;;27
;;1994;M;LIGHT;429;III;;;37, 35, 36;;32, 34, 39, 33, 31, 30, 1, 18, 28, 27, 25, 26, 29, 22;;32
;;2003;M;LIGHT;427;VIII;;;;;10, 12, 17, 16, 30, 20, 23, 24, 26, 27, 28, 22, 31, 19, 21, 25, 18, 14, 15, 29;;20
;;2013;K;LIGHT;427;IV;;;;;1, 2, 3, 4, 5, 6, 7, 8, 9, 10, 11, 12, 20, 17, 31, 25, 26, 19, 14, 13, 18, 28, 15, 27, 32, 24, 33, 23, 29;;
;;1995;M;LIGHT;426.5;IX;;;33, 35, 39, 36;;13, 22, 28, 27, 25, 20, 26, 21, 18, 29, 17, 15, 14, 16, 23, 24, 30;;
;;99;M;LIGHT;426.5;III;;;36, 37;;9, 19, 26, 22, 25, 33, 27, 29, 16, 20, 21, 23, 24, 28, 17, 18, 15, 13, 12, 14;;20
;;1998;M;PRO;426;II;;;32, 38, 42, 43, 45;;31, 33, 34, 35, 36, 37, 39, 40, 41;;40
;;1996;K;LIGHT;425.5;V;;;31;;4, 12, 21, 7, 18, 15, 13, 34, 20, 16, 11, 29, 25, 22, 17, 14, 28, 24, 23, 19, 27, 8, 10, 33;;
;;1988;K;PRO;425.5;II;;;38, 48, 43, 46, 42;;31, 32, 33, 34, 35, 36, 37, 39, 40;;
;;1990;M;LIGHT;425.5;I;;;36, 31, 26;;15, 8, 7, 27, 18, 33, 24, 21, 25, 22, 17, 13, 14, 28, 10, 11, 16, 29, 34, 20, 12, 23;;34
;;1992;M;LIGHT;425.5;X;;;32, 33, 36;;3, 5, 9, 13, 18, 21, 25, 29, 31, 20, 16, 28, 27, 23, 22, 17, 26, 19, 14, 15, 24, 12, 10, 11, 8;;36
;;2004;K;LIGHT;425;X;;;;;1, 2, 3, 4, 5, 6, 7, 8, 9, 10, 11, 12, 13, 14, 15, 16, 17, 18, 19, 21, 22, 23, 24, 25, 26, 27, 28, 29, 31, 34;;
;;2009;M;PRO;425;VI;;;40;;31, 32, 33, 34, 35, 36, 37, 39, 41, 42, 45;;
;;35;K;LIGHT;424.5;III;;;33;;5, 19, 9, 12, 25, 17, 22, 31, 6, 21, 14, 18, 28, 8, 15, 24, 27, 13, 34, 29, 10, 16, 20, 23;;34
;;1996;M;LIGHT;424.5;VI;;;39, 36;;29, 18, 27, 33, 13, 26, 22, 35, 25, 28, 34, 30, 12, 24, 21, 10;;34
;;1991;M;LIGHT;424;IV;;;37, 32, 39;;14, 18, 21, 25, 33, 35, 22, 31, 28, 30, 20, 17, 13, 27, 12, 24;;
;;1997;M;LIGHT;424;I;;;35, 23;;17, 18, 14, 21, 28, 20, 30, 25, 22, 31, 24, 27, 29, 26, 15, 13, 16, 19, 11;;
;;1990;K;LIGHT;423;IV;;;34, 31, 33;;13, 23, 7, 27, 8, 15, 28, 19, 14, 10, 21, 12, 9, 25, 29, 22, 6, 20, 17, 16, 3, 1, 2, 4, 18, 11, 30, 26, 24, 5;;22
;;1998;M;LIGHT;422.5;II;;;33, 36;;2, 16, 29, 11, 13, 27, 15, 20, 22, 23, 17, 25, 28, 26, 24, 21, 19, 18, 14, 12, 10, 31;;31
;;1996;M;LIGHT;421.5;VI;;;33, 36;;24, 18, 28, 22, 30, 16, 11, 20, 2, 27, 25, 26, 29, 14, 21, 15, 17, 13, 12, 23, 19;;30
;;1987;M;LIGHT;421.5;I;;;36, 39, 19;;2, 20, 16, 30, 11, 29, 14, 18, 28, 8, 15, 10, 21, 13, 24, 7, 17, 22, 31, 25, 12, 3, 26, 9, 23, 1, 4, 5, 6;;26
;;1979;M;PRO;421;VII;;;38, 43, 39;;36, 42, 34, 41, 37, 40, 35, 31, 33, 32;;41
;;2010;K;PRO;420;III;;;42, 43, 45;;31, 32, 38, 37, 39, 40, 35, 34, 33, 36;;
;;2004;M;PRO;420;VI;;;42, 45, 39;;36, 34, 37, 33, 35, 40, 41, 38, 32, 31;;
;;1995;K;LIGHT;420;X;;;36, 26;;6, 27, 12, 18, 29, 31, 28, 21, 34, 25, 22, 23, 24, 15, 16, 20, 13, 14, 17;;
;;1995;M;LIGHT;419.5;X;;;37, 39, 23, 36;;3, 5, 12, 17, 6, 14, 18, 21, 24, 27, 25, 29, 20, 22, 33, 28, 30, 26;;
;;1989;M;PRO;419.5;V;;;38, 42, 43;;31, 32, 37, 40, 35, 41, 39, 33, 34, 36;;31
;;1989;M;PRO;419.5;V;;;38, 42, 43;;31, 39, 35, 37, 40, 41, 34, 36, 33, 32;;41
;;2006;K;PRO;419.5;VII;;;42, 43, 38;;31, 33, 32, 41, 34, 40, 37, 35, 36, 39;;
;;2009;K;PRO;419.5;III;;;42, 43, 38;;31, 32, 33, 34, 36, 39, 35, 37, 41, 40;;41
;;2001;M;LIGHT;419.5;IX;;;36, 23;;10, 7, 8, 14, 17, 18, 26, 28, 27, 33, 13, 30, 20, 22, 25, 15, 21, 12, 29, 4, 2, 11, 16, 24, 6, 5, 9;;33
;;1989;M;PRO;419.5;IX;;;38, 42, 43;;41, 37, 40, 31, 35, 39, 33, 32, 34, 36;;41
;;1989;M;PRO;419.5;VIII;;;42, 43, 38;;34, 41, 32, 33, 39, 37, 35, 40, 31, 36;;37
;;17;K;PRO;419.5;III;;;38, 43, 42;;37, 39, 31, 35, 33, 32, 34, 41, 36, 40;;41
;;1999;M;PRO;419;VII;;;38;;32, 41, 36, 33, 40, 35, 34, 31, 39, 37, 42;;39
;;1991;M;PRO;419;III;;;42;;31, 32, 33, 34, 35, 36, 37, 38, 39, 40, 43;;45
;;2000;M;LIGHT;417.5;II;;;29, 36, 23;;8, 13, 25, 18, 31, 17, 21, 15, 28, 14, 33, 16, 20, 30, 27, 24, 19, 10, 12, 11, 22;;
;;2003;M;PRO;417;VII;;;42;;36, 34, 40, 41, 39, 32, 33, 31, 38, 37, 35;;
;;1988;M;LIGHT;416.5;V;;;33;;29, 14, 8, 11, 15, 10, 21, 13, 7, 22, 23, 12, 9, 25, 27, 28, 18, 17, 16, 31, 26, 19, 20, 24;;27
;;1985;K;LIGHT;416.5;I;;;33;;28, 24, 10, 14, 21, 27, 25, 31, 29, 16, 20, 17, 22, 13, 15, 18, 8, 5, 12, 9, 19, 6, 23, 26, 11, 7, 1, 3;;33
;;1995;M;LIGHT;416;VIII;;;23, 39;;9, 21, 18, 20, 22, 25, 33, 27, 28, 29, 24, 19, 1, 2, 3, 4, 5, 6, 7, 8, 10, 11, 12, 16, 17, 13, 14, 15, 32;;
;;1998;M;LIGHT;415;VII;;;36;;4, 1, 8, 14, 17, 22, 16, 11, 26, 25, 21, 15, 33, 27, 24, 29, 18, 13, 23, 31, 20, 12, 10;;33
;;1987;M;LIGHT;414;I;;;34, 39, 33;;25, 23, 22, 31, 29, 21, 28, 17, 12, 27, 15, 18, 16, 20, 13, 14, 30;;
;;1995;K;LIGHT;413.5;IX;;;19, 33, 32;;13, 14, 15, 16, 17, 18, 20, 28, 10, 27, 23, 22, 25, 12, 26, 29, 21, 11, 24, 31;;31
;;1996;M;LIGHT;413.5;VII;;;36, 23;;1, 4, 14, 7, 10, 17, 25, 22, 13, 16, 20, 33, 27, 21, 19, 24, 29, 31, 11, 18, 15, 8, 28, 12, 9;;
;;1999;M;LIGHT;413;II;;;36, 33, 23;;15, 7, 27, 28, 25, 35, 22, 24, 18, 29, 13, 20, 16, 31, 17, 21, 12, 14;;30
;;1997;M;PRO;411.5;I;;;38, 41;;26, 40, 37, 25, 35, 31, 22, 39, 17, 30, 20, 16, 11, 33, 27, 45, 8, 28, 18, 21, 42, 34, 36, 29;;45
;;2002;M;LIGHT;411;VI;;;;;25, 12, 22, 17, 13, 27, 15, 28, 29, 30, 16, 11, 21, 9, 26, 33, 24, 18, 14, 10, 20;;29
;;1993;M;LIGHT;410;IX;;;;;1, 2, 3, 4, 5, 6, 7, 8, 9, 27, 21, 24, 25, 17, 23, 13, 18, 16, 20, 19, 30, 29, 22, 15, 14, 12, 11, 10, 28, 26;;
;;2005;M;LIGHT;410;IV;;;;;1, 2, 3, 5, 4, 6, 9, 8, 7, 10, 11, 12, 15, 14, 13, 16, 17, 18, 21, 19, 20, 24, 22, 23, 25, 26, 27, 28, 29, 30;;
;;1992;M;LIGHT;409.5;III;;;32, 28, 33, 39, 34, 31;;1, 2, 3, 5, 6, 8, 7, 9, 12, 15, 13, 14, 17, 22, 25, 27, 24, 11, 21, 18, 29, 20, 16, 23, 35, 19;;
;;2000;M;LIGHT;408;X;;;32, 31, 39;;3, 15, 8, 7, 21, 24, 23, 16, 22, 17, 26, 14, 18, 30, 28, 25, 29, 27, 10, 12;;
;;2001;M;LIGHT;407.5;II;;;19, 31, 36;;3, 13, 14, 15, 18, 24, 27, 29, 12, 25, 21, 28, 33, 23, 16, 11, 22, 10, 26, 9, 17;;
;;1991;M;LIGHT;407.5;VII;;;33;;22, 26, 28, 29, 21, 13, 27, 25, 14, 31, 16, 11, 19, 9, 12, 18, 24, 23, 17, 10, 15, 8;;28
;;1994;K;LIGHT;407;III;;;41, 36, 35;;13, 27, 23, 24, 7, 15, 28, 14, 10, 21, 26, 12, 31, 22, 19, 20, 11, 16, 29;;41
;;1981;M;LIGHT;406.5;V;;;23, 28;;1, 29, 26, 19, 21, 10, 18, 30, 8, 15, 7, 24, 33, 17, 22, 25, 20, 12, 9, 11, 16, 14, 13, 27, 6;;
;;1998;M;LIGHT;406.5;VIII;;;30, 33, 36;;7, 8, 9, 21, 22, 23, 24, 25, 10, 16, 15, 1, 2, 3, 6, 5, 4, 11, 12, 13, 14, 17, 18, 20, 19, 26, 27, 29, 28;;38
;;1997;M;PRO;406;III;;;45, 32, 43, 38;;36, 34, 42, 39, 31, 37, 35, 40, 33;;45
;;1990;M;LIGHT;405.5;X;;;20, 31;;8, 9, 10, 11, 12, 13, 14, 15, 16, 17, 18, 19, 21, 22, 23, 24, 25, 26, 27, 28, 29, 30, 6;;
;;1996;M;LIGHT;405;VI;;;35, 25;;7, 6, 22, 17, 18, 15, 26, 21, 14, 28, 27, 33, 16, 12, 13, 20, 11, 29, 23, 30;;
;;1992;M;LIGHT;404.5;X;;;37;;1, 14, 29, 4, 5, 26, 9, 19, 12, 3, 35, 21, 28, 15, 27, 33, 13, 22, 20, 2, 11, 25, 17, 8, 10;;
;;1973;M;LIGHT;404;VII;;;33, 37;;17, 22, 25, 20, 10, 18, 29, 27, 24, 21, 28, 26, 19, 13, 16, 14, 15, 23, 11, 12;;37
;;1997;M;LIGHT;403;V;;;36;;18, 24, 14, 10, 28, 15, 21, 13, 33, 27, 7, 11, 8, 1, 4, 29, 3, 5, 9, 12, 25, 6, 22, 17, 20, 30, 16;;
;;2007;K;LIGHT;402.5;III;;;25, 30;;1, 2, 3, 4, 5, 6, 7, 8, 9, 10, 11, 12, 14, 18, 15, 21, 13, 17, 16, 20, 22, 26, 27, 23, 28, 29, 31, 24, 19;;
;;1979;M;LIGHT;402.5;IV;;;23, 19, 36, 42;;6, 12, 14, 18, 13, 33, 17, 22, 10, 15, 21, 28, 8, 11, 16, 30, 26, 29, 20, 27;;27
;;1991;M;LIGHT;402.5;VIII;;;34, 35;;8, 28, 33, 21, 25, 26, 19, 22, 15, 18, 27, 13, 17, 31, 14, 10, 11, 16, 12, 9, 20;;
;;2003;K;LIGHT;402;III;;;30;;5, 6, 19, 21, 10, 14, 18, 28, 8, 15, 7, 24, 33, 27, 13, 23, 22, 25, 17, 12, 9, 16, 2, 20, 11, 29;;28
;;1998;M;PRO;400.5;X;;;38, 37;;33, 34, 36, 41, 35, 32, 31, 39, 42, 40;;
;;19;M;LIGHT;400;VIII;;;23, 39;;3, 11, 16, 2, 17, 8, 22, 6, 12, 9, 15, 20, 13, 18, 21, 25, 26, 30, 29, 4, 14, 10, 19, 7, 28, 5, 33, 1;;
;;1994;M;LIGHT;399.5;VII;;;35, 31, 33;;8, 18, 21, 22, 25, 30, 29, 20, 19, 17, 16, 24, 28, 15, 14, 13, 12, 11, 27;;
;;2001;K;PRO;399.5;II;;;40, 38, 42, 43;;31, 35, 39, 37, 41, 34, 33, 36, 32;;41
;;1999;M;PRO;399.5;II;;;42, 45;;38, 37, 35, 34, 31, 32, 33, 36, 41, 39;;38
;;1994;M;PRO;399.5;V;;;38, 43;;40, 35, 31, 39, 37, 33, 32, 42, 34, 36;;
;;2003;K;PRO;399.5;IX;;;40, 43, 42, 38;;31, 35, 37, 41, 36, 33, 34, 39, 32;;
;;1987;M;LIGHT;399;V;;;42, 32;;18, 21, 34, 28, 40, 37, 26, 35, 25, 33, 29, 36;;40
;;1989;K;PRO;399;VIII;;;38, 43, 41, 42;;37, 40, 32, 33, 34, 31, 39, 35, 36;;
;;1997;M;LIGHT;399;IX;;;39, 31;;36, 29, 28, 24, 33, 22, 20, 30, 25, 35, 9, 12, 34, 27;;36
;;98;M;LIGHT;398.5;II;;;21, 37, 29;;2, 16, 13, 18, 25, 17, 22, 33, 23, 31, 34, 28, 11, 6, 12, 9, 5, 4, 14, 1, 15, 8, 24, 7, 10, 19, 3;;37
;;1996;M;PRO;398;VIII;;;38, 42;;31, 32, 33, 34, 35, 36, 37, 39, 40, 41;;41
;;1997;M;PRO;398;VIII;;;38, 42;;31, 32, 33, 34, 35, 36, 37, 39, 40, 41;;41
;;1997;M;PRO;397.5;I;;;42, 43;;31, 32, 34, 38, 37, 39, 35, 40, 33, 36;;40
;;2006;M;LIGHT;397.5;X;;;34, 35, 20, 36;;5, 13, 7, 18, 21, 25, 27, 29, 33, 26, 28, 14, 22, 12, 10, 17, 16, 24;;33
;;2000;M;LIGHT;397;V;;;;;4, 6, 10, 14, 23, 16, 18, 25, 27, 15, 21, 29, 22, 13, 28, 33, 24, 11, 2, 30, 17, 8, 1, 12, 9;;
;;1984;M;LIGHT;397;I;;;;;1, 2, 3, 4, 5, 6, 7, 8, 9, 10, 11, 12, 13, 14, 15, 16, 17, 18, 23, 22, 21, 19, 24, 25, 20, 27, 33, 28, 29;;28
;;2003;M;LIGHT;397;VIII;;;;;10, 12, 17, 16, 20, 23, 24, 27, 19, 26, 29, 31, 28, 22, 25, 21, 18, 15, 14;;
;;1978;M;LIGHT;397;II;;;37, 35, 36;;15, 10, 8, 18, 21, 24, 27, 30, 22, 17, 26, 13, 14, 25, 23, 12, 9, 16, 29, 11;;22
;;1998;K;LIGHT;396.5;VII;;;33;;29, 14, 18, 28, 21, 10, 27, 13, 23, 17, 22, 31, 25, 12, 26, 5, 19, 16, 20, 4, 9;;
;;1998;K;LIGHT;396;VI;;;36, 32, 34, 42;;5, 9, 12, 11, 16, 30, 2, 20, 14, 1, 18, 28, 21, 19, 23, 27, 10, 15, 6, 22, 17, 31;;
;;2000;K;LIGHT;395;IX;;;31, 23;;20, 30, 16, 28, 14, 21, 27, 13, 15, 17, 18, 26, 22, 25, 29, 24, 12, 11, 10, 9, 8;;
;;1995;K;LIGHT;395;III;;;25, 33;;5, 12, 18, 29, 31, 21, 30, 11, 16, 23, 17, 20, 19, 22, 27, 28, 13, 14, 2, 15, 10, 9;;31
;;1992;K;LIGHT;395;IX;;;;;29, 14, 18, 28, 10, 15, 24, 21, 13, 27, 23, 17, 22, 31, 25, 12, 19, 11, 20, 16;;
;;1999;K;LIGHT;395;I;;;;;13, 23, 24, 27, 15, 28, 29, 18, 14, 10, 12, 21, 20, 19, 25, 31, 17, 22, 16, 11;;22
;;1995;M;LIGHT;393.5;VII;;;33, 36;;6, 17, 9, 12, 14, 15, 13, 10, 22, 25, 29, 26, 21, 31, 18, 16, 20, 23, 8, 7, 3, 5, 4, 11, 2, 27, 19;;
;;2002;M;LIGHT;390.5;II;;;36, 32, 39;;33, 34, 35, 31, 28, 25, 24, 26, 27, 29, 22, 23;;
;;1998;K;LIGHT;390;I;;;31, 33;;1, 2, 3, 4, 5, 6, 7, 8, 9, 10, 14, 18, 28, 21, 24, 27, 11, 23, 17, 25, 19, 16, 12, 13, 15, 29, 26, 20;;
;;1998;K;LIGHT;389.5;IX;;;39, 36, 28;;23, 22, 34, 24, 26, 25, 18, 13, 20, 21, 15, 29, 17, 16, 14, 12, 9;;
;;1992;M;LIGHT;388;VII;;;36;;11, 27, 29, 12, 22, 24, 15, 13, 33, 16, 9, 14, 18, 28, 25, 26, 6, 8, 10, 30;;
;;1997;M;LIGHT;388;VIII;;;36, 32;;7, 8, 15, 22, 17, 33, 21, 29, 26, 31, 34, 28, 25, 27, 13, 18;;
;;1986;K;LIGHT;387.5;III;;;36, 21, 32, 33, 23, 31, 19;;29, 14, 18, 28, 10, 15, 27, 13, 22, 25, 12, 9, 20, 16, 30, 11, 24, 17;;30
;;1999;M;LIGHT;387;VII;;;;;9, 12, 19, 26, 29, 33, 31, 27, 21, 24, 22, 18, 17, 13, 14, 15, 16, 20, 11, 10;;23
;;2013;K;LIGHT;386.5;IV;;;32, 33;;1, 2, 3, 4, 5, 6, 7, 8, 9, 10, 11, 12, 13, 14, 15, 16, 17, 18, 19, 20, 23, 25, 26, 27, 28, 29, 31;;25
;;2000;M;PRO;384.5;X;;;32, 43, 42;;31, 33, 34, 35, 36, 37, 39, 40, 41;;37
;;1984;M;LIGHT;384;V;;;;;4, 29, 1, 14, 18, 28, 15, 27, 13, 23, 33, 24, 7, 21, 22, 17, 25, 12, 9, 11, 20, 2, 16;;
;;1993;K;LIGHT;383.5;IV;;;31;;18, 26, 21, 24, 13, 23, 27, 28, 15, 25, 20, 16, 11, 8, 12, 10, 1, 14, 7, 9, 17, 19, 29;;
;;1996;M;LIGHT;383.5;IV;;;36, 31;;1, 14, 18, 28, 8, 15, 27, 13, 23, 21, 7, 6, 22, 17, 25, 12, 9, 5, 19, 3, 10, 29, 11, 30, 2, 16;;
;;1995;K;LIGHT;383.5;IX;;;31;;13, 27, 24, 15, 7, 28, 1, 2, 3, 4, 5, 6, 10, 14, 18, 8, 21, 26, 19, 9, 12, 17, 25, 23, 16, 20, 11, 29;;28
;;1994;K;LIGHT;383;X;;;32;;14, 18, 1, 8, 15, 21, 27, 17, 31, 25, 10, 24, 29, 16, 20, 23, 13, 12, 19, 22, 11;;28
;;1997;M;LIGHT;383;II;;;39, 19;;11, 1, 2, 3, 4, 5, 6, 7, 8, 9, 10, 12, 13, 14, 15, 16, 28, 31, 27, 22, 26, 24, 21, 20, 18, 17, 29;;31
;;2000;M;LIGHT;381;IV;;;26, 35, 33;;2, 22, 23, 19, 25, 28, 21, 15, 13, 18, 14, 11, 12, 9, 29, 10, 8, 6, 5, 1, 3, 4, 17, 7, 24, 16, 27;;27
;;1998;M;LIGHT;380.5;III;;;42, 36, 39;;23, 13, 25, 31, 33, 27, 32, 26, 34, 29, 28, 21;;34
;;2000;M;LIGHT;380.5;VI;;;19, 34, 30, 23;;26, 29, 28, 8, 33, 27, 21, 22, 17, 11, 16, 1, 2, 3, 4, 5, 6, 7, 9, 10, 12, 13, 14, 15, 18, 25;;34
;;2001;M;LIGHT;380;IX;;;;;25, 27, 33, 28, 24, 29, 21, 23, 22, 18, 12, 17, 13, 15, 14, 2, 16, 11, 30;;
;;1998;K;LIGHT;380;II;;;;;31, 29, 21, 28, 15, 14, 18, 10, 7, 27, 13, 23, 22, 17, 25, 19, 20, 16, 11, 12, 9;;
;;1986;M;LIGHT;380;VIII;;;39, 23;;11, 16, 27, 18, 26, 19, 12, 30, 20, 13, 14, 15, 28, 31, 21, 29, 9, 7, 8, 10;;39
;;6;K;PRO;380;X;;;38, 37, 43;;31, 32, 33, 34, 35, 36, 39, 40, 41;;
;;29;M;LIGHT;379.5;VIII;;;19, 36;;13, 33, 24, 22, 23, 27, 28, 21, 29, 30, 14, 26, 25, 17, 20;;
;;31;M;PRO;379;II;;;43, 40, 41, 38, 42;;31, 32, 33, 39, 35, 37, 34, 36;;41
;;1995;M;PRO;378.5;II;;;38, 42, 43;;31, 32, 33, 34, 35, 36, 37, 39, 40;;40
;;1995;M;PRO;378.5;VIII;;;38, 42, 43;;31, 32, 35, 40, 37, 39, 33, 34, 36;;39
;;1996;K;LIGHT;378.5;IX;;;31, 36;;25, 16, 17, 20, 23, 13, 27, 33, 24, 21, 15, 28, 18, 14, 29, 10, 12;;
;;2000;M;LIGHT;378;VII;;;;;9, 10, 5, 3, 18, 22, 25, 24, 27, 26, 29, 28, 23, 14, 17, 30, 16, 21, 15, 6, 13;;30
;;2001;K;LIGHT;378;VI;;;33, 31, 30, 32;;29, 27, 25, 24, 23, 22, 21, 20, 19, 18, 17, 16, 15, 14, 13, 12, 11, 10, 9, 8, 7;;
;;94;K;LIGHT;377.5;IX;;;32, 31;;6, 9, 25, 27, 28, 15, 1, 10, 14, 18, 24, 17, 22, 16, 13, 2, 8, 33, 23, 19, 5, 12, 21, 4, 3;;
;;2001;M;LIGHT;377;VI;;;;;3, 12, 9, 25, 6, 22, 17, 21, 8, 15, 26, 14, 29, 1, 18, 27, 13, 19, 24, 28, 34, 10, 4, 2;;34
;;1993;K;LIGHT;377;III;;;32, 28, 33, 19, 23;;31, 29, 10, 21, 8, 15, 18, 13, 7, 24, 9, 3, 12, 26, 17, 6, 25, 11, 16, 20, 2, 27, 14, 5, 4, 1;;
;;1995;M;LIGHT;376.5;III;;;23;;4, 7, 8, 10, 13, 11, 16, 20, 19, 22, 26, 27, 21, 18, 30, 28, 31, 15, 29, 14;;11
;;1995;M;LIGHT;376.5;IX;;;37, 35, 29;;5, 8, 17, 23, 25, 12, 6, 13, 14, 15, 21, 34, 22, 33, 27, 9, 18, 24, 11;;
;;2001;K;LIGHT;376.5;IX;;;30, 23, 25, 33, 36;;20, 11, 16, 21, 14, 28, 27, 22, 31, 18, 29, 26, 15, 13, 12, 10;;
;;1990;M;LIGHT;376;II;;;;;1, 2, 3, 4, 5, 6, 7, 8, 9, 10, 11, 12, 13, 14, 15, 16, 17, 18, 19, 20, 21, 22, 23, 24, 25, 27, 29, 31;;27
;;1989;M;LIGHT;375;V;;;;;1, 3, 6, 13, 17, 2, 16, 22, 14, 9, 15, 27, 7, 10, 25, 11, 33, 24, 18, 8, 29, 28, 5, 4, 12, 21, 23;;
;;1993;M;LIGHT;374.5;V;;;19, 24, 31, 23, 28, 33;;1, 2, 3, 4, 5, 6, 7, 8, 9, 10, 11, 12, 13, 14, 15, 16, 17, 18, 20, 21, 22, 25, 26, 30, 29, 27;;
;;1983;M;LIGHT;374.5;II;;;39, 34, 36, 27, 19;;12, 15, 18, 22, 21, 24, 25, 31, 29, 14, 26, 13, 8, 28, 9, 10;;
;;1988;M;LIGHT;374.5;IX;;;26, 30, 36, 35;;9, 25, 20, 16, 11, 23, 13, 7, 27, 15, 21, 28, 18, 14, 29, 22, 17, 12;;21
;;2001;K;LIGHT;374;VII;;;;;29, 28, 27, 16, 11, 18, 3, 9, 5, 25, 22, 24, 26, 23, 17, 14, 15, 6, 10, 4, 20, 21, 13;;29
;;1991;M;LIGHT;374;IV;;;23, 19;;9, 7, 12, 17, 13, 14, 21, 18, 4, 29, 10, 8, 15, 22, 6, 5, 3, 2, 20, 16, 30, 11, 26, 1, 24, 27, 28;;
;;2002;M;LIGHT;373;V;;;;;15, 27, 24, 17, 22, 25, 18, 28, 11, 20, 21, 16, 30, 14, 10, 12, 13, 33, 9, 8;;28
;;1987;M;LIGHT;372.5;IX;;;19, 26;;8, 9, 10, 11, 12, 13, 14, 15, 16, 17, 18, 20, 21, 22, 23, 24, 25, 27, 29, 33;;19
;;1993;M;LIGHT;372.5;IV;;;33;;6, 12, 18, 22, 23, 10, 14, 24, 27, 25, 5, 3, 21, 17, 31, 2, 16, 15, 8, 1, 19, 13, 7, 34;;34
;;1993;M;LIGHT;372.5;X;;;39, 31, 35;;1, 2, 3, 4, 5, 6, 7, 12, 11, 10, 13, 14, 15, 16, 17, 18, 19, 20, 23, 22, 33, 25, 24, 28;;
;;1998;M;LIGHT;372;II;;;31, 30, 33;;6, 12, 18, 17, 21, 23, 22, 25, 24, 5, 15, 28, 27, 29, 10, 14, 13, 16, 7, 9, 8, 11, 4, 3, 2, 1;;29
;;36;M;LIGHT;371.5;VIII;;;31;;9, 12, 25, 17, 18, 14, 21, 15, 29, 11, 16, 28, 13, 27, 8, 7, 10, 20, 30, 6, 19, 22;;
;;1994;M;LIGHT;371.5;IX;;;23, 24;;22, 17, 18, 14, 12, 13, 21, 27, 25, 30, 16, 1, 2, 15, 33, 6, 9, 7, 10, 3, 5, 11, 8, 4, 26, 29;;27
;;1998;K;LIGHT;370;IX;;;32, 26;;1, 2, 3, 31, 29, 28, 27, 25, 23, 21, 20, 19, 18, 15, 14, 7, 10, 12, 9, 8, 4, 5, 6, 11, 16, 13;;32
;;1999;M;LIGHT;369;IX;;;33, 37;;2, 4, 16, 25, 27, 18, 17, 24, 13, 15, 23, 21, 28, 14, 22, 12, 6, 7, 8, 9, 10, 11, 29;;25
;;1998;K;LIGHT;367.5;IX;;;23;;2, 17, 10, 20, 16, 25, 22, 13, 15, 21, 19, 26, 29, 31, 11, 12, 14, 18, 8, 9, 7, 28;;
;;1986;K;LIGHT;367;X;;;;;3, 6, 7, 5, 12, 17, 13, 18, 21, 27, 25, 31, 4, 1, 14, 8, 15, 10, 16, 9, 19, 26, 2, 23, 11, 28, 24;;31
;;1999;K;LIGHT;367;X;;;;;8, 18, 15, 27, 21, 22, 25, 20, 33, 19, 29, 14, 24, 13, 17, 12, 28, 10, 3, 9;;
;;1985;M;LIGHT;366.5;III;;;39;;3, 12, 6, 17, 18, 28, 7, 26, 22, 11, 16, 30, 20, 33, 29, 14, 31, 24;;
;;1985;K;LIGHT;365.5;VI;;;28, 31;;10, 1, 14, 18, 15, 21, 16, 20, 23, 24, 27, 19, 29, 25, 17, 13, 22, 7, 8, 9, 12, 11;;
;;1986;K;LIGHT;365.5;VI;;;31;;23, 27, 24, 13, 28, 15, 17, 25, 22, 19, 12, 9, 21, 29, 18, 14, 10, 8, 7, 16;;28
;;1996;M;LIGHT;365;IX;;;34;;3, 5, 12, 9, 13, 22, 24, 23, 25, 26, 30, 27, 29, 18, 17, 15, 14, 16, 20;;
;;1996;K;LIGHT;365;V;;;;;2, 20, 16, 11, 5, 19, 9, 12, 25, 17, 22, 31, 6, 3, 1, 21, 7, 13, 27, 15, 8, 28, 18, 14, 10, 4, 29;;
;;1999;K;LIGHT;364.5;III;;;23;;1, 5, 3, 6, 8, 15, 22, 29, 4, 25, 13, 24, 21, 10, 14, 9, 12, 19, 11, 2, 16, 17, 31, 27, 18, 7, 20;;22
;;1998;M;LIGHT;364;IX;;;37, 23, 26;;10, 14, 18, 29, 25, 20, 16, 30, 35, 15, 21, 33, 28, 27;;
;;2003;M;LIGHT;363.5;III;;;37;;15, 18, 22, 13, 27, 23, 25, 26, 28, 34, 21, 33, 31, 29;;
;;1991;K;LIGHT;362.5;VII;;;21;;1, 4, 17, 25, 14, 13, 29, 28, 18, 15, 33, 16, 20, 31, 24, 27, 12, 9, 6, 2, 11;;31
;;1992;K;LIGHT;362;III;;;31, 29;;2, 3, 14, 18, 8, 10, 5, 12, 25, 21, 7, 27, 24, 11, 15, 33, 16, 13, 20, 9, 6, 4, 17, 28, 19;;
;;1994;M;LIGHT;362;IV;;;;;13, 27, 8, 1, 29, 25, 28, 22, 34, 19, 18, 15, 12, 9, 17, 16, 24, 14, 10, 21;;
;;2004;K;LIGHT;362;X;;;32;;8, 15, 18, 27, 21, 25, 20, 33, 19, 2, 22, 29, 14, 24, 13, 16, 6, 3, 12, 5, 9, 7, 10, 1, 4, 11;;
;;1994;M;LIGHT;362;VI;;;19, 23, 26, 29;;1, 10, 8, 15, 21, 17, 25, 20, 30, 16, 13, 27, 24, 28, 18, 14, 22, 12, 11, 9;;25
;;1993;M;LIGHT;361.5;VII;;;29, 23, 33, 36, 19, 21, 41;;7, 8, 10, 9, 14, 18, 22, 28, 26, 20, 31, 27, 15, 12, 17, 16, 11, 13, 4;;41
;;1989;M;PRO;361.5;IX;;;40, 37;;41, 42, 34, 36, 32, 33, 39, 31, 35;;
;;2007;M;LIGHT;361;X;;;33, 28, 23;;5, 17, 18, 30, 25, 21, 24, 22, 35, 27, 14, 15, 12, 13, 16, 11, 10, 9;;35
;;1998;M;LIGHT;360.5;VII;;;36, 33, 24;;3, 22, 27, 21, 31, 29, 26, 23, 12, 9, 11, 16, 13, 15, 18, 14, 19, 8, 2;;33
;;1992;M;LIGHT;360.5;IV;;;33, 26;;6, 3, 9, 12, 13, 8, 15, 18, 14, 21, 25, 11, 19, 28, 29, 4, 31, 5, 22, 17, 16, 23;;
;;1998;K;LIGHT;360;VI;;;38;;8, 9, 15, 25, 10, 12, 3, 18, 21, 14, 17, 27, 28, 31, 13, 6, 7, 16, 11, 19, 23, 24, 5, 2;;11
;;2006;M;PRO;360;VII;;;39, 41;;37, 35, 33, 34, 40, 36, 31, 42, 32;;42
;;2011;M;PRO;359.5;VIII;;;42, 43;;35, 31, 36, 33, 40, 39, 32, 37, 34;;40
;;1997;K;PRO;359.5;I;;;38, 42, 41, 36;;40, 37, 35, 39, 34, 32, 33, 31;;30
;;35;M;PRO;359;I;;;38, 42, 43, 39;;31, 37, 35, 40, 34, 32, 33, 36;;
;;2004;K;PRO;358.5;II;;;43, 42, 40, 38;;33, 32, 34, 35, 37, 31, 39, 36;;36
;;2006;K;PRO;358.5;VIII;;;40, 38, 42, 43;;31, 33, 32, 37, 35, 36, 34, 39;;
;;2010;M;PRO;357.5;V;;;38, 43;;31, 32, 33, 34, 35, 36, 39, 37, 40;;30
;;1995;K;PRO;357;V;;;42, 38;;31, 32, 33, 40, 34, 37, 35, 36, 39;;
;;1995;M;PRO;357;IV;;;38, 42;;31, 32, 33, 34, 35, 36, 37, 39, 40;;40
;;1996;M;LIGHT;356.5;VI;;;25, 23, 19;;1, 10, 14, 18, 21, 15, 20, 16, 17, 27, 28, 26, 29, 13, 22, 12, 8, 7, 9, 24, 11;;30
;;1989;M;LIGHT;356;I;;;19, 33;;2, 1, 3, 5, 6, 4, 8, 7, 16, 13, 14, 18, 10, 9, 12, 11, 17, 15, 20, 22, 21, 28, 23, 25, 29, 27;;29
;;1987;K;LIGHT;356;VII;;;;;5, 13, 8, 15, 21, 22, 7, 17, 6, 12, 9, 25, 24, 27, 33, 23, 16, 11, 2, 18, 1, 31, 3, 10, 14;;
;;1986;M;LIGHT;356;II;;;;;2, 16, 17, 22, 23, 15, 27, 7, 21, 3, 10, 14, 1, 28, 12, 13, 31, 6, 9, 11, 30, 24, 8, 4, 5, 18;;28
;;1973;M;LIGHT;355.5;VIII;;;33, 20;;16, 17, 8, 15, 18, 1, 10, 14, 21, 22, 19, 25, 11, 5, 9, 12, 3, 29, 23, 13, 7, 6, 27, 28;;
;;1993;M;LIGHT;355.5;X;;;23;;1, 2, 3, 4, 14, 13, 17, 19, 18, 15, 27, 33, 25, 11, 22, 21, 7, 10, 8, 6, 9, 29, 16, 30;;33
;;2012;K;LIGHT;354.5;IV;;;29;;9, 30, 25, 21, 31, 11, 33, 23, 27, 1, 2, 16, 17, 12, 13, 15, 7, 10, 14, 18, 8, 3, 5, 6, 4;;
;;1983;M;LIGHT;354;IX;;;33, 23;;1, 2, 13, 27, 7, 8, 15, 18, 14, 10, 11, 12, 9, 3, 21, 25, 19, 6, 22, 17, 5, 20, 16, 4, 29, 28;;11
;;2002;K;LIGHT;353;IV;;;;;5, 25, 17, 2, 16, 23, 18, 22, 13, 19, 15, 21, 8, 7, 1, 14, 10, 24, 9, 12, 11, 6, 3, 4, 20, 27, 29;;27
;;1991;M;LIGHT;352.5;IX;;;31;;5, 9, 14, 18, 28, 27, 22, 23, 29, 26, 19, 11, 20, 16, 8, 10, 13, 15, 3, 6, 12, 17, 1, 4, 7, 2;;
;;2011;K;LIGHT;350.5;X;;;33;;31, 1, 4, 30, 2, 11, 16, 23, 13, 15, 14, 18, 12, 6, 22, 17, 5, 3, 21, 7, 8, 9, 25, 20, 19, 10;;30
;;1993;M;LIGHT;350.5;VII;;;34, 39, 36;;18, 14, 1, 8, 15, 25, 10, 27, 33, 21, 3, 12, 9, 19, 17, 22, 13, 4, 29;;33
;;1992;K;LIGHT;349;VIII;;;33, 31, 34;;3, 7, 6, 14, 18, 4, 12, 25, 22, 27, 15, 16, 11, 23, 21, 28, 5, 9, 29, 17;;33
;;1989;M;LIGHT;349;II;;;20, 39, 25;;5, 6, 8, 9, 12, 13, 14, 17, 22, 21, 23, 29, 24, 11, 2, 3, 10, 7, 15, 18, 4, 1, 16, 27, 26;;29
;;1989;M;LIGHT;348.5;VII;;;33, 30, 36, 28;;2, 15, 16, 18, 27, 26, 11, 29, 14, 17, 12, 22, 13, 9, 10, 21, 25, 8, 7, 6, 5;;36
;;2005;K;LIGHT;348.5;IV;;;24, 32, 31;;29, 4, 9, 25, 17, 22, 6, 5, 3, 21, 7, 8, 14, 18, 33, 27, 13, 10, 11, 16, 20, 2, 12, 1;;
;;1987;M;LIGHT;348.5;IX;;;20, 23;;12, 22, 18, 14, 5, 1, 29, 4, 27, 15, 13, 2, 16, 26, 9, 17, 31, 10, 8, 21, 28, 7, 6, 11;;
;;1997;K;LIGHT;348;I;;;;;7, 6, 25, 22, 21, 12, 24, 16, 20, 17, 14, 11, 28, 18, 13, 27, 9, 8, 10, 15, 31;;20
;;1987;M;LIGHT;347.5;VII;;;36, 31;;8, 10, 13, 16, 22, 28, 27, 33, 29, 17, 15, 26, 18, 6, 25, 12, 9;;
;;1993;M;LIGHT;346;III;;;;;9, 12, 17, 22, 35, 27, 30, 25, 26, 33, 14, 18, 16, 1, 2, 3, 4, 5, 6, 7, 8, 10, 11, 15;;
;;1992;K;LIGHT;346;X;;;23, 29;;9, 12, 6, 22, 25, 17, 13, 27, 30, 24, 8, 28, 18, 14, 21, 10, 20, 16;;29
;;1999;M;LIGHT;345;VI;;;;;8, 15, 25, 27, 22, 17, 9, 12, 30, 29, 18, 14, 28, 13, 21, 33, 24;;
;;1992;M;LIGHT;345;VIII;;;;;18, 21, 33, 28, 22, 14, 13, 27, 25, 17, 16, 29, 12, 15, 24, 9, 5, 7, 10;;
;;2003;M;LIGHT;345;VI;;;;;18, 14, 21, 26, 22, 13, 15, 28, 29, 30, 20, 12, 9, 6, 17, 16, 2, 10, 1, 8, 5, 11, 7, 3, 4, 19;;30
;;2000;M;LIGHT;345;IV;;;;;10, 14, 18, 15, 21, 22, 25, 11, 2, 1, 19, 17, 16, 13, 12, 9, 8, 7, 4, 5, 6, 3, 20, 27, 33, 28;;33
;;1997;M;LIGHT;344;I;;;;;10, 11, 12, 13, 15, 14, 16, 17, 18, 19, 21, 22, 23, 24, 25, 27, 28, 29;;27
;;2005;M;LIGHT;344;VIII;;;23, 19;;3, 16, 11, 2, 17, 9, 12, 10, 13, 14, 18, 8, 22, 15, 25, 20, 30, 29, 21, 6, 5, 33, 1;;
;;32;M;LIGHT;343;VI;;;;;2, 11, 10, 8, 13, 14, 1, 4, 29, 5, 15, 22, 17, 23, 21, 26, 16, 12, 9, 6, 3, 27, 25, 20, 7, 18;;
;;1997;M;LIGHT;343;VI;;;;;3, 5, 1, 10, 18, 22, 23, 27, 8, 15, 7, 13, 33, 17, 25, 6, 12, 9, 11, 30, 20, 16, 2, 4, 21;;
;;1995;M;LIGHT;342.5;IV;;;40, 42, 39, 43, 41, 36;;27, 33, 35, 37, 25, 31, 34;;36
;;1991;K;LIGHT;341.5;VII;;;33, 32, 36;;20, 22, 25, 31, 13, 27, 15, 28, 18, 14, 21, 29, 4, 24;;
;;2000;K;LIGHT;341;VI;;;;;4, 18, 15, 23, 20, 22, 26, 31, 14, 29, 21, 17, 12, 16, 1, 2, 3, 5, 6, 8, 9, 11, 10, 7, 13, 19;;26
;;1999;M;LIGHT;340;V;;;36, 34;;3, 6, 21, 27, 10, 33, 18, 29, 30, 14, 13, 25, 22, 9, 12, 16, 17;;
;;2003;K;PRO;340;IV;;;43, 37, 38, 40, 42;;31, 32, 33, 39, 35, 34, 36;;39
;;1991;M;PRO;340;V;;;42, 43, 39;;31, 32, 33, 34, 35, 40, 37, 36;;40
;;1999;K;LIGHT;340;I;;;11, 23, 25;;30, 16, 2, 13, 17, 1, 3, 9, 12, 14, 8, 10, 15, 18, 21, 4, 7, 29, 5, 6, 20, 22, 27, 28;;30
;;1990;K;LIGHT;340;VII;;;;;13, 23, 27, 24, 25, 22, 21, 20, 16, 17, 18, 14, 15, 10, 11, 12, 7, 8, 9, 6, 28, 5, 4, 3, 2, 1;;20
;;1990;M;LIGHT;340;VII;;;;;9, 12, 17, 22, 23, 13, 27, 7, 18, 15, 8, 21, 25, 14, 19, 5, 4, 29, 2, 11, 16, 24, 1, 6, 10;;30
;;2011;K;PRO;340;VIII;;;38, 37, 43;;31, 33, 35, 36, 34, 32, 41, 39;;41
;;2002;K;LIGHT;339.5;II;;;31;;33, 9, 12, 25, 28, 6, 17, 23, 13, 10, 20, 16, 24, 8, 15, 7, 21, 18, 14, 11;;33
;;1989;M;PRO;339;V;;;38, 40, 39, 42, 43;;31, 32, 33, 37, 34, 36, 35;;37
;;1989;K;PRO;339;VIII;;;38, 37, 40, 42, 41;;31, 32, 35, 39, 33, 34, 36;;41
;;1999;K;LIGHT;338.5;VI;;;31, 30, 32;;3, 11, 21, 16, 25, 19, 10, 28, 15, 14, 1, 2, 4, 5, 6, 7, 8, 9, 12, 13, 17, 18, 27, 29;;
;;2011;K;PRO;338.5;V;;;38, 37, 40;;31, 32, 33, 34, 35, 36, 41, 39;;41
;;1983;M;PRO;338.5;VIII;;;41, 42, 40;;37, 35, 31, 39, 33, 32, 34, 36;;
;;2000;M;LIGHT;338.5;V;;;31;;8, 15, 18, 17, 21, 13, 27, 22, 25, 20, 14, 12, 11, 30, 28, 26, 16;;31
;;2001;K;LIGHT;338;X;;;23, 33;;5, 9, 12, 14, 18, 28, 15, 13, 16, 20, 11, 17, 22, 27, 29, 4, 21, 25, 8;;28
;;2005;M;LIGHT;338;X;;;;;12, 24, 33, 28, 29, 25, 22, 18, 15, 17, 13, 21, 10, 8, 9, 7, 6, 14, 4, 11, 16;;33
;;2012;K;PRO;337.5;IV;;;38, 40, 43;;31, 32, 33, 34, 35, 36, 37, 39;;35
;;2006;M;LIGHT;337;IV;;;;;4, 15, 27, 14, 25, 36, 29, 33, 21, 13, 24, 18, 22, 12, 28, 16;;
;;1996;K;LIGHT;336.5;IX;;;21, 29, 19;;11, 16, 17, 22, 31, 25, 12, 26, 13, 27, 15, 10, 28, 18, 14, 8, 9;;31
;;2001;M;LIGHT;336.5;III;;;41;;10, 13, 15, 28, 18, 30, 20, 16, 22, 2, 14, 19, 12, 3, 33, 11, 17, 29, 4;;
;;1985;M;LIGHT;336;VII;;;37, 32, 35;;1, 2, 5, 8, 10, 14, 18, 17, 13, 33, 7, 21, 23, 27, 15, 25, 24, 22;;
;;1990;K;LIGHT;335;VI;;;30, 20, 26;;1, 2, 8, 27, 10, 15, 12, 25, 5, 17, 9, 22, 23, 28, 29, 3, 6, 13, 18, 14, 7, 11, 4, 16;;27
;;1996;K;LIGHT;334.5;IX;;;23;;9, 7, 10, 14, 18, 15, 17, 25, 16, 27, 21, 29, 13, 19, 11, 12, 8, 6, 28, 24;;
;;1991;K;LIGHT;334;VI;;;;;3, 6, 13, 27, 8, 15, 28, 32, 21, 29, 5, 26, 9, 30, 31, 17, 22, 12;;
;;2013;K;LIGHT;333;I;;;29, 32, 21;;12, 9, 2, 16, 11, 20, 30, 27, 1, 14, 13, 23, 24, 25, 17, 6, 10, 15, 8, 7, 18, 4, 3, 5;;30
;;1990;M;LIGHT;332;I;;;;;9, 18, 21, 22, 23, 24, 31, 29, 14, 15, 13, 17, 12, 20, 16, 11, 8, 10, 19;;
;;1994;M;LIGHT;331;IV;;;;;2, 1, 10, 14, 18, 15, 8, 4, 9, 12, 5, 21, 7, 28, 13, 22, 11, 16, 20, 6, 25, 29, 17, 30;;21
;;1988;M;LIGHT;330.5;IV;;;43, 38, 42;;35, 40, 39, 33, 36, 37, 22, 27;;
;;1996;M;LIGHT;330;IX;;;24, 20, 31, 19, 23, 25, 35;;3, 6, 5, 9, 17, 22, 15, 26, 21, 14, 29, 13, 18, 16, 10, 11, 12, 27;;
;;1999;M;LIGHT;327;X;;;23, 19, 20;;6, 9, 12, 3, 5, 22, 13, 27, 8, 15, 7, 21, 14, 29, 4, 1, 18, 10, 26, 17, 28, 16, 2, 11;;27
;;1992;K;LIGHT;327;VI;;;17, 31;;3, 12, 10, 21, 8, 18, 14, 15, 13, 27, 23, 9, 22, 2, 16, 20, 11, 29, 1, 5, 28, 4, 7, 6;;
;;1981;M;LIGHT;327;IX;;;19, 36, 23;;9, 12, 16, 25, 18, 14, 15, 24, 29, 11, 13, 27, 10, 17, 20, 28;;
;;2009;K;LIGHT;326.5;X;;;32, 21, 28, 23, 33;;12, 9, 13, 6, 14, 27, 15, 18, 25, 17, 22, 29, 20, 16, 4, 10, 11, 1;;
;;2001;M;LIGHT;325.5;VI;;;31;;2, 33, 19, 9, 8, 3, 28, 18, 17, 12, 20, 22, 25, 13, 27, 15, 14, 21, 4;;
;;2007;M;LIGHT;325;VIII;;;33, 36, 34, 31;;15, 23, 29, 25, 30, 27, 22, 28, 21, 12, 26;;
;;2015;K;LIGHT;324.5;IV;;;21, 32;;5, 11, 16, 20, 2, 13, 17, 25, 23, 27, 15, 1, 9, 12, 7, 24, 8, 14, 18, 10, 3, 6, 4, 29;;
;;1994;K;LIGHT;323.5;IX;;;11, 19, 25, 33;;4, 5, 6, 7, 8, 9, 10, 12, 13, 14, 15, 16, 17, 18, 20, 21, 23, 24, 27, 31;;
;;2000;K;LIGHT;323.5;VI;;;33, 30, 24;;27, 25, 22, 21, 6, 3, 18, 14, 8, 15, 12, 9, 23, 10, 13, 11, 16, 17, 19, 1, 2, 4, 5, 7;;27
;;1997;M;LIGHT;322.5;VIII;;;23, 24, 34;;4, 29, 1, 14, 5, 18, 10, 3, 2, 13, 12, 15, 8, 9, 22, 21, 6, 33, 7, 27, 11, 16, 17;;21
;;1995;M;PRO;322;X;;;32, 43, 39, 38;;33, 34, 35, 37, 36, 40, 31;;
;;2008;K;PRO;322;IV;;;38, 40, 41, 43;;37, 39, 31, 35, 34, 33, 32;;
;;1992;K;LIGHT;321;IX;;;19, 33, 23, 31;;1, 2, 3, 4, 5, 6, 7, 8, 9, 10, 12, 21, 14, 18, 28, 24, 15, 27, 13, 17, 25, 11, 16;;
;;1988;K;PRO;321;II;;;43, 42, 40, 37;;36, 33, 32, 34, 35, 31, 39;;36
;;2000;M;LIGHT;319.5;I;;;31;;4, 21, 15, 13, 30, 16, 22, 1, 14, 27, 18, 25, 2, 17, 12, 28, 8, 9, 5, 6, 7, 3, 11;;35
;;23;M;LIGHT;319.5;VIII;;;37, 36;;3, 12, 22, 32, 27, 35, 31, 33, 29, 25, 34;;
;;1996;M;LIGHT;319.5;VIII;;;26, 19;;1, 8, 14, 25, 18, 15, 2, 13, 17, 22, 6, 16, 11, 9, 3, 5, 12, 27, 24, 21, 10, 28, 7;;
;;30;K;PRO;319;I;;;38, 40, 36, 42;;33, 31, 37, 32, 34, 35, 39;;39
;;1982;M;PRO;319;III;;;38, 37, 41, 42;;35, 31, 32, 34, 33, 39, 36;;41
;;2008;K;PRO;318.5;VIII;;;37, 38;;35, 31, 33, 34, 32, 41, 39, 36;;
;;1987;M;LIGHT;318;II;;;25, 29;;9, 13, 18, 17, 24, 21, 23, 26, 15, 16, 14, 19, 10, 11, 12, 8, 7, 6, 28;;28
;;2009;M;LIGHT;318;VII;;;30;;6, 17, 7, 10, 1, 4, 14, 8, 15, 18, 13, 5, 12, 9, 3, 21, 27, 24, 25, 2, 16, 11, 22, 28;;
;;2001;M;LIGHT;317;III;;;32;;3, 5, 7, 15, 18, 17, 22, 25, 16, 30, 27, 13, 12, 14, 19, 8, 10, 11, 29;;
;;2002;M;LIGHT;316.5;V;;;19, 21, 17;;4, 8, 18, 15, 13, 22, 16, 12, 26, 29, 20, 11, 9, 10, 14, 28, 6, 7, 3, 5, 30;;
;;2001;M;LIGHT;314;VI;;;11, 21, 25, 33;;3, 12, 9, 22, 17, 15, 8, 14, 26, 18, 27, 1, 5, 29, 28, 13, 10, 16, 2;;29
;;1974;M;LIGHT;313.5;X;;;19;;1, 3, 5, 7, 9, 10, 4, 8, 13, 15, 2, 16, 17, 22, 27, 25, 14, 18, 21, 24, 11, 12, 6, 29;;
;;2005;M;LIGHT;313.5;X;;;37;;13, 33, 27, 23, 36, 35, 34, 25, 39, 30;;
;;2003;M;LIGHT;312.5;X;;;39;;12, 24, 27, 23, 29, 22, 18, 13, 14, 17, 10, 9, 25, 15, 16, 11, 2, 6;;
;;1999;K;LIGHT;310.5;V;;;23, 21, 25;;1, 13, 27, 7, 15, 8, 28, 14, 10, 5, 9, 12, 6, 22, 17, 20, 11, 29, 4, 18, 16;;28
;;1989;M;LIGHT;310;V;;;23, 11;;9, 5, 6, 17, 25, 12, 22, 16, 13, 15, 18, 21, 24, 8, 14, 29, 4, 1, 10, 3, 2, 27, 7;;30
;;1999;K;LIGHT;309.5;V;;;25, 28;;3, 14, 27, 13, 2, 1, 15, 30, 29, 12, 10, 18, 8, 7, 6, 9, 5, 11, 16, 17, 22, 19, 4;;28
;;1989;K;LIGHT;309.5;VII;;;25;;1, 2, 3, 4, 5, 6, 7, 8, 9, 10, 11, 12, 13, 14, 15, 16, 17, 18, 19, 20, 21, 23, 27, 31;;31
;;2000;M;PRO;308;IV;;;32, 36, 37, 42, 43;;31, 33, 34, 35, 39, 41;;41
;;1998;M;LIGHT;308;III;;;;;6, 2, 10, 14, 15, 11, 18, 17, 22, 25, 12, 21, 16, 30, 13, 8, 28, 24, 4, 5, 9;;30
;;83;M;PRO;307.5;II;;;43, 42, 40;;31, 33, 34, 35, 37, 39, 36;;
;;1993;K;LIGHT;307;VII;;;31, 23;;9, 14, 13, 3, 15, 12, 19, 18, 17, 2, 16, 11, 21, 27, 6, 5, 8, 1, 10, 4, 29, 7, 28;;29
;;1988;M;LIGHT;304.5;VIII;;;23;;1, 27, 18, 14, 3, 5, 12, 6, 17, 15, 29, 4, 11, 16, 2, 33, 7, 8, 9, 10, 22, 13, 21;;
;;27;M;LIGHT;304;VIII;;;39, 31;;3, 5, 18, 4, 29, 21, 25, 22, 27, 33, 34, 20, 28;;30
;;1999;M;LIGHT;303.5;I;;;36, 35;;33, 24, 27, 28, 26, 25, 31, 22, 23, 29;;26
;;1991;M;LIGHT;303;X;;;26;;11, 16, 17, 12, 13, 18, 15, 25, 29, 22, 9, 14, 10, 23, 30, 8, 7, 6, 5;;30
;;1994;K;LIGHT;303;X;;;25, 19;;6, 3, 12, 22, 17, 27, 13, 28, 18, 21, 14, 29, 15, 16, 5, 9, 11, 8, 10, 4, 1;;
;;1996;M;LIGHT;303;X;;;29, 33;;4, 27, 13, 23, 2, 17, 25, 14, 11, 15, 21, 22, 12, 9, 10, 18, 8, 7, 16;;27
;;1999;M;PRO;302.5;VII;;;37, 41, 39, 36, 42;;31, 32, 35, 40, 34, 33;;
;;1984;M;LIGHT;302.5;VIII;;;25, 23, 19;;1, 10, 18, 21, 14, 12, 29, 17, 22, 15, 13, 9, 5, 6, 27, 7, 8, 16, 11, 2, 3, 4, 20;;
;;1997;K;PRO;301.5;IV;;;41, 43, 37, 38, 36;;31, 32, 33, 34, 35, 39;;39
;;2000;K;LIGHT;301.5;VIII;;;17, 31, 33, 24, 21, 29, 26, 12;;25, 2, 1, 3, 4, 5, 6, 7, 8, 16, 22, 23, 13, 27, 15, 10, 11, 9, 14, 18;;
;;1990;M;PRO;301.5;X;;;42, 43, 36;;31, 37, 35, 39, 33, 32, 34;;
;;2000;M;LIGHT;301;V;;;;;10, 14, 22, 18, 16, 13, 1, 20, 29, 15, 28, 24, 7, 9, 11, 30, 12, 8, 5, 6, 4;;30
;;1986;M;LIGHT;301;VII;;;20, 33, 36, 37;;16, 17, 18, 22, 25, 26, 27, 28, 30, 29;;
;;1999;M;LIGHT;301;VI;;;33, 23, 20, 22, 26;;19, 17, 14, 18, 27, 13, 10, 29, 4, 1, 2, 3, 15, 12, 11, 9, 8, 7, 5, 6, 16, 21;;27
;;2013;M;LIGHT;301;I;;;;;1, 4, 10, 18, 14, 8, 15, 12, 17, 27, 24, 21, 5, 3, 9, 2, 16, 11, 6, 25, 13, 20, 23, 7;;30
;;1996;M;LIGHT;300.5;IX;;;35, 20;;6, 3, 5, 28, 13, 10, 26, 22, 1, 14, 18, 8, 17, 30, 2, 4, 7, 29, 11, 16, 9;;
;;1977;M;PRO;300.5;III;;;38, 32, 39;;36, 40, 35, 31, 37, 33, 34;;40
;;1983;M;LIGHT;300;V;;;19, 25;;13, 27, 15, 8, 10, 1, 14, 11, 9, 12, 2, 21, 22, 16, 18, 28, 17, 24, 7, 6, 5, 3;;
;;1998;M;LIGHT;300;II;;;19, 24, 23, 26, 25, 27;;1, 2, 3, 5, 9, 4, 6, 7, 8, 10, 11, 12, 13, 14, 15, 16, 17, 18, 21, 22, 20, 30;;19
;;1992;K;LIGHT;299.5;VII;;;33;;1, 2, 3, 4, 5, 6, 7, 8, 9, 10, 11, 12, 13, 14, 15, 16, 17, 21, 29, 28, 27, 31;;31
;;1996;K;LIGHT;299;IX;;;36;;3, 5, 6, 9, 12, 18, 10, 21, 16, 17, 11, 13, 15, 22, 25, 29, 14, 27, 1, 8;;25
;;2002;K;LIGHT;298;II;;;36;;24, 34, 27, 25, 31, 17, 13, 18, 1, 14, 4, 29, 9, 12, 22;;34
;;1997;K;PRO;297.5;IX;;;38, 37, 40;;35, 31, 34, 39, 33, 32, 36;;
;;1997;M;LIGHT;297.5;I;;;33;;3, 5, 12, 16, 14, 18, 29, 11, 17, 25, 22, 13, 15, 21, 7, 8, 10, 6, 9, 23;;29
;;1999;K;LIGHT;297.5;VIII;;;28, 25;;1, 14, 18, 8, 15, 27, 13, 7, 24, 23, 17, 6, 12, 9, 5, 3, 10, 11, 20, 16, 2, 4, 21;;20
;;1999;K;LIGHT;296.5;VII;;;31, 24, 33, 28, 21;;5, 8, 15, 17, 19, 27, 13, 11, 16, 14, 18, 12, 10, 23, 20;;20
;;1990;K;LIGHT;295.5;X;;;29, 11, 31;;3, 9, 5, 7, 25, 12, 23, 13, 14, 1, 8, 18, 15, 27, 21, 17, 2, 16, 4, 10, 6, 19;;19
;;1987;K;LIGHT;295;IX;;;23, 31, 19, 25;;1, 14, 18, 28, 8, 15, 7, 27, 13, 17, 6, 12, 9, 3, 2, 4, 5, 10, 21, 20, 11, 16;;
;;1997;K;LIGHT;295;I;;;;;1, 8, 14, 15, 17, 18, 21, 22, 25, 26, 27, 28, 29, 31, 13;;27
;;1987;K;LIGHT;290.5;I;;;11, 28, 31, 21;;5, 6, 2, 12, 9, 3, 4, 14, 8, 15, 18, 24, 13, 25, 16, 20, 19, 10, 7, 29;;
;;1990;M;LIGHT;290;VII;;;;;9, 12, 3, 18, 8, 15, 24, 27, 23, 22, 25, 21, 14, 6, 17, 29, 4, 2, 10, 1;;30
;;1995;K;LIGHT;289;IV;;;;;5, 12, 17, 9, 13, 22, 16, 18, 23, 11, 21, 14, 10, 30, 15, 8, 28, 7, 1, 6, 4, 3, 2;;30
;;23;M;LIGHT;289;V;;;;;21, 22, 12, 18, 23, 13, 16, 17, 9, 5, 8, 14, 15, 29, 11, 30, 10, 7, 6, 3;;30
;;1984;M;LIGHT;288;III;;;;;5, 12, 9, 17, 13, 14, 15, 25, 22, 29, 18, 16, 11, 10, 24, 27, 21;;
;;1997;M;LIGHT;288;VI;;;26;;7, 22, 12, 15, 18, 14, 21, 28, 27, 16, 8, 13, 10, 29, 9, 11, 2, 6, 5, 4;;29
;;1999;K;LIGHT;288;I;;;25, 23, 21, 31;;7, 5, 2, 9, 12, 1, 10, 3, 15, 13, 22, 16, 11, 14, 18, 8, 27, 6, 4, 20, 17, 19;;
;;1993;M;LIGHT;287.5;VII;;;20, 30, 33, 21, 23;;1, 10, 7, 8, 14, 18, 4, 15, 13, 25, 2, 11, 16, 12, 9, 5, 22, 17, 6, 3, 27;;27
;;2007;M;PRO;286.5;III;;;42, 39;;36, 34, 40, 37, 31, 35, 33;;40
;;1993;M;LIGHT;286.5;II;;;25, 28;;22, 17, 21, 18, 15, 6, 12, 5, 9, 3, 14, 10, 8, 7, 1, 13, 2, 16, 11, 4, 29, 27;;27
;;2000;K;PRO;285;VIII;;;43, 41, 36, 42;;31, 32, 35, 33, 34, 39;;
;;2007;K;LIGHT;284;I;;;;;19, 5, 12, 25, 27, 24, 17, 15, 28, 13, 1, 4, 14, 18, 9, 8, 10, 2, 3, 6, 20, 7;;19
;;2010;K;PRO;284;III;;;38, 40, 42, 36;;37, 31, 39, 32, 33, 34;;34
;;2001;M;LIGHT;284;IV;;;25, 19, 20, 22, 28;;2, 29, 4, 11, 16, 17, 13, 7, 14, 18, 27, 1, 10, 8, 15, 3, 5, 6, 9, 12, 21;;27
;;1992;K;PRO;283;VIII;;;36, 42, 40, 38, 37, 43;;34, 35, 31, 33, 32;;
;;1992;M;LIGHT;282;IV;;;23, 21;;1, 2, 11, 9, 6, 5, 12, 4, 10, 3, 8, 14, 15, 7, 18, 22, 20, 16, 30, 13, 17, 27;;22
;;1980;M;LIGHT;282;VII;;;19, 23;;3, 9, 6, 7, 5, 14, 29, 4, 21, 18, 15, 17, 10, 11, 16, 2, 22, 13, 8, 12, 1, 28;;
;;1984;M;PRO;282;X;;;38, 40;;37, 39, 31, 35, 32, 33, 36;;
;;2001;K;LIGHT;281;X;;;25, 23, 28;;10, 14, 15, 16, 18, 21, 20, 13, 11, 1, 2, 3, 4, 5, 6, 8, 9, 12, 19, 7, 27, 17;;
;;1992;M;LIGHT;281;VII;;;33, 29;;11, 2, 16, 27, 12, 25, 15, 21, 22, 23, 18, 10, 14, 8, 7, 6, 9, 4;;25
;;27;M;LIGHT;281;IV;;;;;1, 3, 8, 5, 12, 7, 13, 22, 17, 9, 14, 10, 6, 15, 4, 2, 11, 16, 18, 19, 29, 26, 20;;
;;1995;K;PRO;280;III;;;38, 42;;36, 35, 31, 39, 33, 32, 34;;36
;;1991;M;PRO;279.5;VI;;;37, 42;;39, 31, 35, 33, 32, 34, 36;;
;;1987;K;LIGHT;279;V;;;17, 23;;8, 10, 15, 25, 16, 13, 14, 18, 20, 11, 21, 22, 12, 6, 9, 5, 7, 27, 4;;20
;;1990;M;PRO;278.5;III;;;37, 40;;36, 34, 32, 33, 31, 35, 39;;39
;;1994;K;LIGHT;278.5;IX;;;21;;3, 10, 7, 24, 8, 15, 14, 1, 27, 13, 23, 6, 12, 9, 4, 29, 18, 2, 11, 5, 16, 17;;
;;1990;M;LIGHT;277.5;IX;;;19, 11, 23;;1, 14, 18, 28, 8, 16, 2, 17, 25, 12, 9, 6, 21, 3, 5, 10, 7, 15, 27, 13, 4;;28
;;2002;K;LIGHT;277;II;;;25, 29;;9, 10, 12, 14, 23, 27, 21, 31, 18, 13, 15, 16, 4, 5, 6, 11, 8, 7;;27
;;1997;M;LIGHT;277;VIII;;;25, 33, 19, 20, 23;;3, 10, 14, 17, 22, 26, 29, 15, 18, 12, 9, 13, 8, 6, 11, 5, 2, 1, 7;;29
;;1996;K;LIGHT;276;VIII;;;21, 25;;4, 5, 6, 7, 8, 9, 10, 11, 12, 13, 14, 15, 16, 17, 18, 20, 22, 23, 27;;
;;1994;M;LIGHT;276;IX;;;29, 23;;3, 8, 13, 17, 19, 21, 15, 27, 14, 22, 11, 16, 18, 4, 5, 6, 9, 10, 2, 12, 7, 1;;29
;;2004;M;LIGHT;276;VI;;;17, 26, 19;;1, 4, 8, 10, 13, 16, 30, 18, 14, 15, 22, 21, 29, 11, 12, 9, 6, 7;;29
;;1991;M;LIGHT;275.5;II;;;29;;1, 5, 3, 9, 10, 18, 8, 15, 4, 27, 13, 17, 6, 22, 12, 14, 2, 16, 11, 7, 28, 19;;
;;1996;K;LIGHT;274.5;X;;;29, 25, 31;;10, 14, 13, 18, 17, 21, 27, 23, 12, 9, 5, 4, 15, 8, 7, 6, 11, 16;;
;;2001;M;LIGHT;274;V;;;;;4, 8, 1, 14, 21, 11, 9, 13, 22, 12, 30, 16, 29, 26, 2, 15, 10, 5, 3, 6, 18;;
;;1993;M;LIGHT;273.5;V;;;22, 33;;3, 9, 12, 25, 27, 29, 18, 17, 16, 11, 10, 14, 15, 13, 8, 4, 5, 6, 7;;
;;1996;K;LIGHT;273.5;X;;;31;;5, 6, 14, 18, 15, 21, 25, 17, 27, 2, 16, 20, 22, 9, 12, 29;;
;;2000;M;LIGHT;273.5;V;;;29, 33, 30, 23;;12, 6, 3, 5, 8, 9, 15, 27, 14, 13, 17, 18, 2, 16, 28, 11, 1, 10, 4, 7;;
;;1989;K;LIGHT;272;III;;;33, 21;;9, 12, 17, 25, 11, 16, 8, 10, 13, 27, 15, 18, 14, 28, 7, 6, 5, 4;;28
;;1994;M;LIGHT;271.5;I;;;34, 39;;9, 5, 17, 15, 13, 27, 28, 30, 29, 16, 22, 18, 6;;
;;1982;K;LIGHT;271;IX;;;20, 23, 25;;13, 27, 8, 14, 7, 10, 9, 12, 17, 16, 15, 11, 18, 6, 5, 28, 21, 4;;27
;;1996;M;LIGHT;270.5;IX;;;23;;6, 5, 9, 7, 8, 21, 18, 16, 22, 13, 29, 17, 11, 12, 14, 15, 10, 24, 2;;24
;;2000;M;LIGHT;270;II;;;23, 21, 20, 24, 26, 17, 39;;18, 11, 16, 10, 14, 22, 13, 8, 15, 12, 9, 30, 2, 6, 7;;
;;2002;K;LIGHT;270;II;;;;;6, 10, 9, 12, 21, 18, 13, 17, 23, 22, 19, 14, 15, 8, 7, 1, 2, 3, 4, 5, 11, 16, 20;;
;;1997;M;LIGHT;270;VIII;;;;;4, 14, 18, 15, 25, 27, 33, 29, 30, 22, 28, 8, 17;;
;;1995;M;LIGHT;268.5;VII;;;33;;5, 6, 7, 8, 9, 10, 11, 12, 13, 14, 15, 22, 23, 27, 28, 25, 17;;
;;1995;M;PRO;267.5;VII;;;43;;31, 36, 34, 37, 33, 35, 40;;40
;;25;K;LIGHT;267;IX;;;30;;2, 16, 11, 25, 13, 17, 22, 15, 21, 18, 3, 14, 8, 10, 7, 9, 12, 5, 20, 6;;
;;1996;M;LIGHT;266.5;X;;;19, 23, 33;;1, 2, 3, 4, 5, 14, 13, 17, 15, 18, 11, 25, 22, 21, 7, 10, 8, 6, 12, 9, 16;;30
;;1998;M;LIGHT;265;VI;;;;;1, 8, 7, 17, 12, 21, 25, 18, 15, 13, 27, 24, 14, 11, 9, 10, 6, 16, 4, 3, 5;;
;;1991;M;PRO;264.5;I;;;39;;38, 32, 33, 34, 35, 36, 37;;38
;;2003;M;LIGHT;264;III;;;19, 23, 28;;2, 3, 14, 10, 6, 15, 11, 18, 17, 22, 12, 16, 20, 30, 13, 8, 9, 5;;30
;;1997;M;LIGHT;263;VII;;;21, 25;;1, 2, 3, 4, 5, 6, 7, 8, 9, 10, 11, 12, 13, 14, 15, 16, 17, 18, 22, 23, 30;;30
;;1992;M;LIGHT;262;I;;;23, 33;;1, 2, 3, 4, 5, 6, 7, 8, 16, 13, 10, 14, 18, 9, 12, 11, 17, 22, 19, 15, 28;;28
;;1999;M;LIGHT;261.5;II;;;23;;9, 17, 22, 13, 24, 10, 1, 2, 3, 4, 5, 6, 7, 8, 11, 12, 14, 15, 16, 18, 19, 20;;30
;;2008;K;PRO;261.5;I;;;43, 38, 36, 39, 37;;31, 33, 35, 34, 32;;37
;;1995;M;LIGHT;261;I;;;19, 26, 29;;14, 22, 21, 18, 13, 15, 17, 2, 16, 11, 9, 12, 1, 8, 10, 5, 6, 7, 20;;13
;;1997;K;LIGHT;260;I;;;;;1, 14, 18, 8, 10, 21, 7, 13, 17, 25, 12, 9, 26, 5, 3, 2, 20, 16, 11, 4, 6, 15;;25
;;1998;M;PRO;259.5;VI;;;40, 39;;33, 37, 35, 36, 34, 45;;
;;2001;K;LIGHT;259.5;X;;;19;;3, 5, 8, 14, 18, 23, 21, 25, 24, 12, 15, 13, 27, 16, 7, 10, 9;;
;;1995;K;PRO;259.5;IX;;;38, 37, 36;;31, 34, 32, 33, 39, 35;;34
;;1991;M;LIGHT;259;IV;;;23, 21;;1, 2, 3, 5, 6, 11, 10, 9, 12, 8, 7, 15, 14, 18, 17, 22, 16, 4, 13, 20, 30;;
;;1994;M;LIGHT;258.5;X;;;23;;1, 3, 5, 2, 6, 10, 16, 7, 8, 15, 14, 4, 9, 11, 12, 18, 13, 17, 22, 21, 19, 20;;22
;;1996;K;LIGHT;258.5;X;;;25;;3, 6, 12, 13, 27, 14, 28, 29, 19, 15, 16, 2, 11, 9, 4, 1, 8, 18, 5, 7;;
;;1990;M;LIGHT;258;II;;;;;3, 5, 14, 12, 18, 28, 21, 10, 27, 9, 15, 8, 7, 22, 17, 13, 2, 16, 11;;
;;1999;K;LIGHT;257;X;;;23, 21;;5, 9, 12, 14, 18, 13, 16, 17, 27, 29, 25, 15, 11, 10, 8, 6;;30
;;1994;K;LIGHT;257;IX;;;;;3, 5, 6, 9, 12, 18, 14, 10, 16, 20, 11, 13, 15, 19, 23, 4, 29, 8, 21, 1;;20
;;2003;M;LIGHT;256.5;X;;;23, 34;;1, 13, 17, 22, 19, 21, 18, 28, 14, 15, 29, 31;;
;;1997;M;LIGHT;255.5;II;;;26, 23, 30;;2, 1, 8, 15, 14, 18, 13, 29, 10, 7, 16, 9, 12, 11, 6, 3, 5, 4, 22, 17;;11
;;2000;M;LIGHT;253.5;IX;;;28, 33;;1, 14, 13, 16, 22, 20, 21, 27, 9, 17, 30, 15, 18;;
;;1984;K;LIGHT;253.5;III;;;25, 33, 28, 11;;1, 2, 3, 4, 5, 6, 7, 8, 9, 12, 17, 13, 24, 27, 15, 10, 14, 18, 16;;
;;1984;K;LIGHT;253;VI;;;;;1, 3, 6, 9, 5, 8, 10, 21, 15, 18, 23, 11, 16, 13, 19, 14, 24, 17, 7, 12, 2;;23
;;1986;M;LIGHT;252;VII;;;28, 23, 25, 20;;4, 1, 14, 18, 8, 10, 15, 21, 7, 13, 17, 22, 6, 12, 9, 5, 3, 2, 16, 11;;21
;;1999;M;LIGHT;251.5;X;;;23;;3, 5, 6, 12, 16, 9, 17, 27, 21, 8, 14, 18, 29, 1, 2, 11, 15, 10, 13, 4;;29
;;1985;M;LIGHT;251;IX;;;26;;1, 2, 3, 4, 6, 5, 7, 8, 9, 10, 11, 12, 13, 14, 15, 16, 17, 18, 19, 22, 29;;19
;;1976;M;LIGHT;250.5;III;;;33, 24;;1, 2, 3, 4, 5, 6, 9, 8, 7, 10, 11, 12, 25, 17, 13, 27, 15, 14, 16, 20;;
;;1985;M;LIGHT;250.5;II;;;25, 36;;1, 3, 5, 9, 12, 17, 10, 18, 14, 21, 15, 16, 22, 13, 27, 6, 11;;27
;;1997;K;LIGHT;249.5;X;;;23;;4, 15, 7, 18, 11, 16, 25, 13, 14, 28, 27, 21, 12, 9, 10, 8;;11
;;1993;K;LIGHT;249;VI;;;26;;1, 2, 3, 18, 22, 19, 14, 10, 8, 13, 21, 7, 9, 5, 11, 16, 12, 6, 15, 4, 23;;
;;1998;M;LIGHT;249;II;;;23, 19;;1, 2, 3, 4, 5, 6, 7, 8, 9, 10, 11, 12, 13, 14, 15, 16, 18, 22, 26, 29;;
;;1986;K;LIGHT;249;III;;;;;8, 3, 5, 6, 17, 16, 20, 1, 4, 10, 14, 7, 28, 15, 2, 11, 27, 13, 18, 24;;28
;;1991;M;LIGHT;248;II;;;;;2, 17, 18, 14, 5, 30, 16, 1, 3, 4, 6, 7, 8, 9, 10, 11, 12, 13, 20, 21, 22;;
;;1998;M;LIGHT;248;IX;;;31, 23;;13, 15, 18, 21, 27, 20, 22, 25, 17, 29, 14;;36
;;1996;K;LIGHT;248;V;;;21, 23;;5, 4, 10, 6, 11, 7, 13, 12, 9, 15, 14, 1, 18, 22, 8, 16, 17, 2, 3, 20, 19;;
;;2000;K;LIGHT;248;X;;;21, 23;;1, 3, 5, 2, 6, 10, 16, 7, 8, 15, 14, 4, 9, 12, 19, 18, 11, 13, 17, 22, 20;;19
;;1993;M;LIGHT;247.5;IX;;;21;;3, 5, 6, 7, 9, 12, 1, 4, 8, 2, 10, 13, 14, 11, 16, 15, 17, 18, 19, 22, 28;;
;;1998;M;LIGHT;247;VI;;;30, 27, 20, 25, 28;;18, 22, 5, 2, 16, 13, 15, 21, 10, 9, 6, 8, 14, 11, 12;;22
;;2007;M;PRO;245;VIII;;;32, 40;;33, 34, 37, 35, 31, 39;;
;;1996;M;PRO;245;IV;;;;;8, 23, 22, 25, 31, 30, 33, 36, 34, 37, 39, 35;;37
;;1996;M;PRO;244.5;IV;;;40, 43;;31, 32, 33, 34, 36, 37;;33
;;1984;M;LIGHT;244;VIII;;;;;3, 9, 6, 17, 2, 16, 13, 15, 1, 14, 8, 4, 18, 12, 5, 22, 11, 27, 10, 7, 25;;
;;31;M;LIGHT;243.5;VII;;;19, 23, 29;;6, 8, 9, 10, 11, 12, 13, 14, 15, 16, 17, 18, 21, 22, 5, 7, 4, 1, 2, 3;;22
;;1978;M;LIGHT;243;IX;;;33, 21, 25, 23;;1, 2, 3, 5, 7, 9, 12, 13, 10, 4, 6, 8, 14, 15, 16, 17, 27, 11, 18;;27
;;1997;M;LIGHT;242.5;V;;;23;;6, 8, 9, 12, 15, 16, 17, 18, 21, 22, 13, 14, 10, 11, 20, 7, 4, 5, 3;;20
;;1998;M;LIGHT;242;V;;;;;9, 5, 10, 3, 22, 17, 14, 16, 13, 18, 11, 29, 8, 21, 12, 4, 2, 15, 7, 1, 6;;29
;;1998;K;LIGHT;241.5;X;;;25;;1, 2, 3, 4, 5, 6, 7, 8, 9, 10, 11, 12, 13, 14, 15, 16, 17, 18, 19, 20, 22;;25
;;1995;K;LIGHT;241.5;III;;;19, 27, 17, 23, 28, 21;;2, 8, 10, 16, 11, 13, 14, 12, 15, 9, 18, 30, 7, 6, 5, 4, 3, 1;;30
;;2011;K;PRO;241.5;VII;;;37, 39, 36, 41;;35, 31, 33, 32, 34;;41
;;2000;M;LIGHT;241;VI;;;17, 19, 26;;2, 16, 13, 18, 9, 12, 11, 29, 14, 8, 15, 3, 27, 22, 6, 5;;26
;;1986;M;PRO;240.5;IV;;;36, 37;;31, 32, 33, 34, 35, 39;;28
;;1998;K;LIGHT;239;VIII;;;21, 25;;4, 8, 13, 15, 14, 18, 12, 5, 9, 10, 16, 20, 11, 1, 7, 3, 6, 2, 17, 28;;28
;;1977;M;PRO;238;VI;;;;;31, 32, 34, 35, 36, 37, 33;;37
;;1995;M;LIGHT;238;VI;;;19, 21;;7, 10, 8, 15, 14, 1, 12, 9, 11, 16, 17, 13, 18, 6, 22, 5, 3, 4, 28, 2;;28
;;1999;M;LIGHT;236;X;;;;;8, 7, 13, 18, 21, 22, 16, 17, 15, 14, 12, 9, 10, 5, 6, 4, 11, 23, 3, 2, 1;;
;;2001;M;LIGHT;235.5;III;;;24, 31;;1, 3, 5, 6, 12, 13, 14, 18, 17, 16, 30, 20, 11, 27, 15;;30
;;2001;K;LIGHT;235;I;;;23, 21;;3, 5, 13, 15, 14, 18, 16, 20, 11, 29, 8, 9, 12, 17, 7, 10, 6;;20
;;86;K;LIGHT;233;V;;;;;3, 4, 5, 2, 9, 12, 1, 14, 8, 10, 18, 28, 7, 21, 13, 6, 16, 11, 15, 30;;
;;1998;K;LIGHT;232.5;VIII;;;23, 30;;7, 12, 9, 14, 15, 21, 18, 5, 28, 13, 16, 2, 17, 29;;29
;;1995;K;LIGHT;231;VIII;;;18, 20, 24;;10, 14, 11, 16, 23, 12, 8, 13, 15, 7, 9, 27, 4, 5, 2, 6, 17, 3;;27
;;2001;K;LIGHT;230;IX;;;30;;3, 5, 12, 9, 22, 17, 13, 23, 10, 16, 11, 1, 2, 6, 4, 7, 8, 14, 15, 18;;11
;;2007;K;PRO;228.5;III;;;38, 37, 36, 46, 40;;34, 31, 33, 32;;
;;2000;M;LIGHT;227;II;;;21, 23, 11, 19;;7, 6, 9, 12, 2, 14, 18, 15, 28, 16, 13, 22, 8, 10, 5, 1, 4, 3;;28
;;13;M;LIGHT;227;I;;;28, 21, 23, 30;;2, 11, 16, 13, 1, 14, 7, 6, 3, 5, 9, 12, 25, 15, 8, 18, 10, 4;;
;;1991;M;LIGHT;224.5;VI;;;23;;4, 11, 14, 16, 18, 12, 22, 17, 21, 8, 10, 15, 13, 9, 6, 3, 7, 2, 5, 1;;13
;;2;K;LIGHT;223.5;VI;;;21, 23, 29, 28;;4, 14, 18, 22, 16, 11, 15, 8, 13, 5, 10, 6, 3, 12, 9, 2, 7, 1;;11
;;1992;M;LIGHT;223;II;;;;;31, 30, 29, 28, 22, 25, 5, 26, 27;;
;;1989;K;LIGHT;222.5;VIII;;;13, 25, 23;;1, 27, 15, 12, 5, 3, 14, 8, 10, 4, 9, 6, 11, 7, 2, 17, 24, 18;;27
;;1996;M;LIGHT;221;IX;;;;;3, 6, 7, 9, 12, 14, 18, 13, 17, 22, 28, 10, 4, 5, 8, 15, 11, 16, 2, 1;;11
;;2000;K;LIGHT;220;V;;;21, 17, 20, 19, 23;;1, 2, 3, 5, 9, 10, 18, 14, 22, 16, 13, 15, 8, 7, 11, 12, 6, 4;;23
;;1998;M;LIGHT;220;VIII;;;20, 33, 23;;2, 13, 8, 15, 17, 14, 12, 9, 18, 27, 22, 25;;
;;1998;M;LIGHT;218;X;;;;;4, 15, 14, 21, 18, 16, 17, 25, 19, 13, 23, 22, 11;;25
;;1991;K;LIGHT;217;VIII;;;;;5, 11, 16, 12, 13, 14, 18, 15, 21, 23, 19, 4, 3, 9, 1, 8, 7, 2, 6, 10;;
;;23;K;LIGHT;217;V;;;17, 23, 19, 25, 33, 21;;1, 2, 3, 4, 5, 6, 7, 8, 9, 10, 11, 12, 13, 14, 15, 16, 18;;
;;2000;M;LIGHT;216.5;V;;;21;;6, 8, 12, 13, 14, 9, 15, 18, 11, 16, 30, 22, 3, 5, 7, 2, 4, 10, 1;;22
;;1995;M;LIGHT;216;II;;;29, 19, 28;;5, 3, 9, 12, 17, 11, 21, 16, 22, 2, 15, 14, 13, 18;;
;;1995;M;LIGHT;216;II;;;20;;8, 7, 12, 16, 22, 13, 14, 15, 30, 10, 18, 9, 2, 1, 4, 5, 6, 11, 3;;30
;;1996;K;LIGHT;214;IX;;;23, 21, 24;;4, 14, 10, 8, 15, 27, 13, 16, 11, 12, 18, 6, 9, 7, 5, 3, 2, 1;;
;;1996;M;LIGHT;213.5;X;;;23;;8, 14, 15, 16, 18, 26, 22, 6, 9, 10, 12, 13, 5, 7, 11, 1, 2, 3, 4;;
;;19 970;M;LIGHT;213;VI;;;;;1, 8, 15, 3, 12, 9, 22, 27, 13, 5, 14, 18, 11, 16, 7, 24, 6, 2;;
;;1999;M;LIGHT;212;II;;;19, 21;;4, 1, 3, 5, 9, 12, 6, 8, 15, 10, 14, 7, 13, 2, 11, 16, 22, 17, 18;;17
;;2001;K;LIGHT;211;I;;;;;5, 9, 10, 12, 18, 8, 15, 14, 13, 21, 17, 22, 20, 11, 16;;22
;;1985;K;LIGHT;210.5;IX;;;25;;1, 14, 18, 8, 15, 27, 13, 7, 10, 3, 5, 9, 12, 6, 17, 4, 2, 11, 16;;27
;;2003;M;LIGHT;210;X;;;25, 29;;13, 17, 21, 18, 14, 34, 27, 15, 16, 6, 2;;34
;;1999;K;PRO;209.5;II;;;43, 42, 38, 36;;31, 33, 32, 34;;
;;2000;K;LIGHT;209;VIII;;;21, 23, 20;;7, 12, 9, 15, 14, 18, 13, 16, 2, 11, 4, 1, 8, 29, 3, 5, 10;;
;;2004;K;LIGHT;208;III;;;;;1, 8, 15, 7, 3, 5, 13, 9, 14, 2, 11, 12, 16, 23, 20, 10, 18, 17, 4;;25
;;2009;M;LIGHT;207.5;IV;;;21;;16, 11, 2, 13, 17, 22, 15, 14, 18, 8, 12, 29, 4, 7, 9;;13
;;1991;K;LIGHT;207.5;VII;;;23, 25, 27;;3, 5, 6, 9, 14, 13, 15, 11, 4, 18, 12, 8, 7, 1, 10, 17, 2, 16;;
;;1987;M;LIGHT;205.5;II;;;17;;1, 2, 3, 4, 5, 6, 7, 8, 9, 11, 12, 10, 13, 14, 18, 15, 16, 21, 22;;
;;1994;K;LIGHT;205;I;;;23, 31, 24;;3, 9, 12, 5, 14, 18, 15, 13, 22, 16, 11, 8, 10, 4, 6;;
;;1997;K;LIGHT;204.5;III;;;19, 23, 21;;2, 11, 3, 5, 9, 16, 8, 13, 7, 10, 14, 6, 15, 12, 4, 20, 1, 18;;20
;;1997;K;LIGHT;204.5;IX;;;17, 21, 23;;3, 10, 8, 14, 15, 12, 16, 18, 27, 13, 11, 1, 2, 4, 9, 5, 6;;23
;;1967;M;LIGHT;204;VIII;;;;;2, 3, 5, 1, 7, 8, 13, 12, 9, 11, 14, 15, 17, 18, 21, 10, 16, 22;;17
;;1995;M;PRO;204;VI;;;;;35, 34, 32, 31, 39, 33;;
;;1998;M;LIGHT;203.5;VIII;;;21, 17, 19;;3, 7, 14, 15, 8, 1, 4, 18, 6, 13, 9, 22, 12, 5, 16, 2, 11, 10;;
;;2008;M;LIGHT;203;VII;;;26;;3, 6, 13, 14, 18, 15, 21, 7, 5, 23, 12, 9, 4, 29, 1, 10;;
;;1989;M;LIGHT;203;IX;;;36;;17, 23, 14, 22, 27, 29, 28, 25;;
;;1995;K;LIGHT;202;II;;;19, 20, 25;;1, 2, 5, 10, 11, 12, 13, 14, 15, 3, 4, 6, 7, 8, 9, 16, 17, 18;;
;;1999;K;LIGHT;202;I;;;21, 23, 17, 7;;3, 9, 6, 12, 14, 18, 13, 16, 2, 22, 8, 15, 10, 11, 5, 4;;13
;;1991;M;LIGHT;200;I;;;17, 23;;11, 5, 10, 13, 15, 14, 18, 2, 16, 9, 12, 8, 26, 3, 7, 6, 1, 4;;
;;1996;M;LIGHT;199;II;;;26, 27, 19, 20;;4, 5, 3, 8, 15, 13, 9, 12, 22, 14, 18, 11, 2, 1, 10, 6;;22
;;1997;K;LIGHT;198.5;X;;;25;;4, 10, 15, 8, 14, 18, 24, 17, 27, 11, 16, 2, 13, 7;;
;;1999;M;LIGHT;197;IV;;;;;10, 14, 18, 15, 21, 12, 9, 16, 2, 8, 1, 3, 4, 5, 6, 7, 11, 13, 22;;
;;2006;M;PRO;196.5;V;;;40, 42, 39;;33, 35, 31, 37;;
;;1978;K;LIGHT;196.5;VIII;;;20, 23;;6, 8, 15, 18, 14, 9, 12, 16, 13, 11, 2, 21, 10, 3, 4, 7, 5, 1;;
;;1987;K;LIGHT;195.5;II;;;21, 31, 23;;10, 6, 7, 8, 15, 18, 13, 16, 20, 1, 12, 9, 14, 4, 5;;31
;;30;K;LIGHT;195;VIII;;;23, 17;;7, 3, 5, 12, 9, 1, 15, 21, 14, 18, 8, 13, 2, 16, 11, 10, 6, 4;;
;;23;M;LIGHT;194.5;V;;;21;;6, 13, 14, 10, 12, 9, 15, 8, 18, 11, 16, 30, 5, 7, 1, 2, 3, 4;;11
;;2006;M;PRO;193;VII;;;40, 37, 39;;31, 33, 36, 35;;
;;1986;K;LIGHT;193;V;;;21, 23;;1, 2, 3, 4, 5, 6, 7, 8, 9, 10, 11, 12, 13, 14, 15, 16, 17, 18;;11
;;1992;M;LIGHT;193;I;;;;;17, 12, 14, 18, 15, 13, 11, 16, 8, 9, 22, 10, 7, 6, 5, 3, 4, 1, 2;;18
;;1993;M;LIGHT;193;X;;;;;1, 2, 3, 4, 5, 6, 7, 8, 9, 10, 11, 12, 13, 14, 15, 16, 17, 18, 22;;22
;;1998;M;LIGHT;192;I;;;29, 19;;5, 12, 15, 16, 22, 14, 11, 9, 6, 2, 13, 8, 18, 10, 7;;
;;1994;K;LIGHT;192;I;;;23, 21, 19, 25, 22;;1, 14, 18, 8, 15, 13, 7, 10, 3, 5, 9, 12, 6, 16;;
;;1998;M;LIGHT;190;IV;;;;;4, 3, 15, 12, 14, 18, 16, 29, 13, 21, 9, 11, 10, 8, 7;;
;;1980;K;LIGHT;189;III;;;25, 23;;8, 5, 7, 15, 27, 14, 18, 10, 13, 12, 9, 4, 6, 1, 2, 3, 11;;
;;2002;M;LIGHT;188;V;;;;;4, 10, 11, 12, 13, 15, 16, 30, 26, 29, 22;;
;;1997;M;LIGHT;186.5;II;;;25;;3, 1, 10, 9, 12, 5, 6, 7, 14, 8, 13, 18, 16, 2, 15, 4, 11, 20;;
;;1977;M;LIGHT;186;III;;;;;8, 15, 10, 13, 9, 14, 18, 17, 11, 16, 22, 6, 5, 3, 1, 2, 12, 4;;
;;1992;M;LIGHT;185.5;II;;;19;;4, 1, 3, 5, 9, 12, 6, 8, 15, 10, 14, 7, 13, 2, 11, 16, 22, 18;;22
;;1986;M;LIGHT;185;II;;;28;;5, 15, 13, 14, 9, 1, 2, 12, 10, 3, 4, 6, 7, 8, 11, 16, 17, 18;;11
;;19 890;M;LIGHT;184.5;I;;;17;;3, 6, 9, 5, 12, 8, 15, 14, 13, 7, 11, 10, 18, 22, 2, 16, 4, 1;;11
;;2009;K;LIGHT;183.5;VII;;;29;;3, 6, 13, 14, 18, 15, 8, 21, 7, 5, 23, 12, 9, 4, 1, 10;;
;;1997;K;LIGHT;181;VI;;;17, 20, 21;;3, 4, 5, 6, 9, 12, 15, 16, 14, 8, 18, 13, 1, 19, 7, 2;;
;;1981;M;LIGHT;180.5;VIII;;;29;;2, 3, 6, 9, 12, 15, 17, 27, 28, 25, 22;;
;;2000;M;LIGHT;180.5;VII;;;19;;4, 1, 8, 10, 12, 6, 3, 5, 9, 13, 14, 2, 16, 15, 18, 7, 11, 17;;19
;;19;M;PRO;176.5;V;;;40, 42, 37, 36;;33, 31, 35;;
;;2000;M;LIGHT;176;VIII;;;;;4, 1, 3, 7, 6, 13, 9, 12, 8, 15, 2, 14, 5, 10, 22, 18, 16, 11;;22
;;1989;M;LIGHT;176;I;;;;;3, 6, 12, 8, 15, 7, 11, 14, 13, 10, 5, 22, 9, 18, 16, 2, 4, 1;;
;;1984;M;LIGHT;173.5;X;;;3, 4, 8, 10, 11, 12, 14, 16, 17, 18;;1, 2, 5, 6, 7, 9, 13, 15, 19, 20, 21;;21
;;2003;K;LIGHT;173.5;VII;;;29;;3, 5, 6, 1, 14, 15, 13, 17, 18, 16, 22, 8, 12, 9;;
;;1992;M;PRO;172.5;IV;;;42, 36, 32, 37;;31, 33, 35;;
;;1994;K;LIGHT;172.5;V;;;29, 31, 23;;4, 14, 22, 13, 18, 28, 5, 11, 16;;28
;;1997;M;PRO;171;I;;;37, 39;;31, 33, 34, 35;;22
;;1991;M;LIGHT;171;VII;;;;;1, 3, 5, 7, 11, 10, 9, 12, 15, 2, 4, 6, 8, 14, 16, 18, 17, 13;;
;;1999;M;LIGHT;170.5;II;;;29;;9, 13, 2, 12, 5, 25, 14, 1, 3, 17, 15, 18, 16, 6;;
;;1996;M;LIGHT;170.5;X;;;29, 26;;7, 14, 18, 22, 21, 15, 10, 13, 12, 6, 5;;
;;1991;M;LIGHT;166.5;VIII;;;12, 21, 7, 22, 17, 20;;5, 9, 3, 16, 11, 2, 15, 8, 1, 14, 6, 13, 10, 4;;30
;;1997;M;LIGHT;166;X;;;;;29, 28, 27, 25, 31, 26;;
;;1995;M;LIGHT;165;IV;;;22;;1, 2, 14, 8, 4, 5, 12, 9, 7, 15, 10, 18, 13, 16, 11, 3, 6;;
;;1998;M;LIGHT;165;X;;;22;;2, 11, 16, 3, 5, 9, 14, 1, 8, 15, 13, 18, 12, 6, 7, 10, 4;;29
;;24;K;LIGHT;162.5;VIII;;;19, 20;;3, 5, 12, 9, 14, 6, 13, 15, 18, 22, 8, 11, 2, 4, 1;;31
;;2006;M;PRO;162.5;V;;;40, 42, 37, 34, 36;;33, 35;;
;;2002;K;LIGHT;162;X;;;;;3, 5, 6, 9, 12, 4, 14, 15, 18, 13, 2, 16, 19, 11, 7, 8;;19
;;1989;M;LIGHT;162;II;;;;;5, 9, 17, 22, 25, 27, 28, 29;;
;;1997;K;LIGHT;159.5;I;;;19;;6, 3, 15, 16, 22, 14, 10, 11, 5, 9, 12, 2, 13, 1, 7, 4;;22
;;1998;K;LIGHT;157;V;;;20, 23, 31;;3, 5, 10, 14, 18, 13, 11, 9, 12, 8, 15, 2;;
;;1997;M;PRO;156;X;;;36;;31, 33, 35, 39;;
;;2003;K;LIGHT;155.5;I;;;23;;13, 3, 6, 28, 15, 31, 14, 18, 16;;
;;1993;K;LIGHT;155.5;I;;;21;;3, 5, 12, 14, 18, 13, 22, 8, 10, 7, 1, 9, 2, 6, 15;;
;;2001;K;LIGHT;154.5;III;;;21;;1, 2, 3, 4, 5, 6, 8, 9, 11, 12, 13, 14, 15, 16, 18, 7;;14
;;1991;K;LIGHT;154;VI;;;;;1, 2, 3, 4, 5, 6, 8, 9, 12, 11, 16, 10, 7, 15, 18, 13, 14;;
;;1997;M;LIGHT;154;VI;;;;;2, 4, 18, 15, 14, 5, 11, 12, 3, 6, 8, 1, 7, 13, 9, 16, 10;;30
;;1996;K;PRO;152.5;VIII;;;39;;31, 33, 34, 35;;
;;1999;K;PRO;152.5;III;;;32, 33, 38;;31, 36, 34;;
;;1985;K;LIGHT;152;X;;;23, 21;;6, 7, 8, 10, 11, 12, 13, 14, 15, 16, 18;;11
;;1993;M;PRO;152;VI;;;35, 36, 37;;33, 31, 34;;
;;2001;K;LIGHT;151;III;;;;;1, 5, 3, 6, 12, 13, 14, 18, 16, 11, 15, 22, 8, 7;;22
;;1999;M;LIGHT;146.5;X;;;15;;4, 1, 7, 8, 6, 5, 9, 12, 11, 2, 16, 10, 14, 18, 13, 3;;
;;1990;M;LIGHT;145;VIII;;;18;;2, 3, 11, 9, 12, 5, 16, 1, 14, 8, 15, 13, 7, 4, 6, 10;;11
;;1984;M;LIGHT;145;IV;;;18;;3, 2, 8, 5, 16, 6, 1, 14, 11, 13, 4, 15, 10, 9, 12, 7;;
;;2007;M;LIGHT;145;VIII;;;21, 23, 28;;3, 13, 9, 12, 18, 15, 22, 17;;
;;2004;K;LIGHT;143;II;;;;;3, 4, 5, 6, 8, 12, 14, 9, 7, 15, 2, 13, 16, 18, 10, 1;;14
;;2008;K;LIGHT;141.5;II;;;7, 18;;1, 2, 3, 5, 6, 9, 8, 10, 11, 4, 14, 15, 13, 12, 16;;
;;2001;M;PRO;140.5;VI;;;40, 43;;32, 34, 33;;
;;2000;M;LIGHT;140.5;VII;;;25;;5, 3, 6, 17, 13, 14, 15, 18, 16, 9, 12;;
;;1998;K;LIGHT;140;X;;;23, 13, 18;;1, 3, 5, 12, 9, 15, 11, 2, 16, 14, 7, 6, 8, 4;;11
;;1990;K;LIGHT;139.5;II;;;11, 18;;1, 2, 3, 4, 5, 6, 7, 9, 10, 14, 13, 12, 16, 15, 8;;13
;;1996;M;LIGHT;138.5;I;;;13, 18;;2, 7, 8, 9, 15, 14, 10, 16, 1, 6, 5, 3, 4, 12, 11;;12
;;1991;K;LIGHT;138;V;;;;;2, 1, 13, 11, 6, 8, 15, 3, 5, 9, 12, 4, 7, 14, 18, 10;;13
;;2009;K;PRO;135.5;III;;;38, 37;;31, 34, 33;;
;;1998;K;LIGHT;134.5;VIII;;;25;;4, 8, 15, 13, 11, 12, 16, 2, 5, 9, 3, 6, 10, 7, 1;;28
;;1996;K;LIGHT;132;X;;;16, 7, 11, 10;;15, 4, 14, 18, 2, 12, 9, 6, 13, 8, 3, 1, 5;;
;;1997;K;LIGHT;120.5;IX;;;19, 18;;2, 3, 5, 10, 14, 16, 12, 15, 11, 13, 1;;11
;;2000;K;LIGHT;109.5;V;;;23;;1, 4, 3, 6, 8, 15, 9, 12, 11, 2, 14, 13;;
;;1980;K;LIGHT;109;IV;;;;;4, 14, 12, 15, 13, 18, 7, 10, 16;;
;;1999;M;LIGHT;108.5;X;;;18, 13;;2, 16, 5, 14, 1, 15, 8, 9, 3, 4, 10, 6;;
;;1990;K;LIGHT;107;V;;;;;1, 3, 13, 16, 14, 12, 9, 2, 4, 5, 10, 18;;
;;1993;M;LIGHT;105;VII;;;;;4, 14, 12, 13, 15, 5, 6, 18, 8, 9, 1;;18
;;1992;K;LIGHT;100.5;III;;;8, 15, 14, 13, 23, 12;;1, 2, 3, 4, 5, 9, 6, 11, 10, 7;;11
;;2000;M;LIGHT;100;X;;;;;22, 25, 14, 26, 13;;
;;1991;K;PRO;98;V;;;;;31, 33, 34;;31
;;1996;K;LIGHT;93.5;IX;;;15, 18, 12;;5, 3, 1, 10, 14, 9, 16, 2, 11;;
;;1989;K;LIGHT;92;VIII;;;12, 14, 8, 10, 9, 20, 35;;1, 3, 6, 7, 2, 4, 15;;
;;1996;K;LIGHT;90;V;;;22, 13, 23;;3, 5, 14, 11, 9, 1, 2, 16;;22
;;1995;K;LIGHT;74.5;II;;;27, 22;;8, 14, 4, 2, 16, 6;;
;;1999;K;LIGHT;72.5;I;;;15;;2, 3, 5, 6, 14, 1, 13, 8, 9, 4;;14
;;1982;M;LIGHT;67;VI;;;14, 13, 7;;1, 5, 2, 8, 3, 12, 6, 9, 4;;
;;1998;K;LIGHT;66.5;I;;;14, 13;;1, 2, 3, 4, 5, 6, 9, 12, 11;;
;;1987;M;LIGHT;56;I;;;32;;35, 5;;
;;19 840;K;LIGHT;45;VII;;;;;3, 1, 5, 6, 2, 4, 7, 8, 9;;
;;1996;K;LIGHT;40.5;VI;;;13;;1, 3, 2, 11, 17;;
;;1998;M;LIGHT;31;II;;;;;30, 1;;